political_subdivision,election_date,election_name,total provisional ballots,total provisional ballots counted,precinct_number,reg_voters,race_name,candidate_name,party code,early_votes,election_votes
Gregg County,11/08/2022,General,105,63,1,1729,U.S. REPRESENTATIVE DISTRICT 1,NATHANIEL MORAN,REP,496,165
Gregg County,11/08/2022,General,105,63,1,1729,U.S. REPRESENTATIVE DISTRICT 1,JRMAR (JJ) JEFFERSON,DEM,163,69
Gregg County,11/08/2022,General,105,63,1,1729,GOVERNOR,GREG ABBOTT,REP,485,160
Gregg County,11/08/2022,General,105,63,1,1729,GOVERNOR,BETO O'ROURKE,DEM,165,67
Gregg County,11/08/2022,General,105,63,1,1729,GOVERNOR,MARK TIPPETTS,LIB,5,5
Gregg County,11/08/2022,General,105,63,1,1729,GOVERNOR,DELILAH BARRIOS,GRN,3,2
Gregg County,11/08/2022,General,105,63,1,1729,GOVERNOR,JACQUELINE ABERNATHY,,0,0
Gregg County,11/08/2022,General,105,63,1,1729,GOVERNOR,MARK V. GOLOBY,,0,0
Gregg County,11/08/2022,General,105,63,1,1729,GOVERNOR,Rejected write-ins,,0,0
Gregg County,11/08/2022,General,105,63,1,1729,GOVERNOR,Unassigned write-ins,,0,0
Gregg County,11/08/2022,General,105,63,1,1729,LIEUTENANT GOVERNOR,DAN PATRICK,REP,470,156
Gregg County,11/08/2022,General,105,63,1,1729,LIEUTENANT GOVERNOR,MIKE COLLIER,DEM,167,63
Gregg County,11/08/2022,General,105,63,1,1729,LIEUTENANT GOVERNOR,SHANNA STEELE,LIB,17,14
Gregg County,11/08/2022,General,105,63,1,1729,ATTORNEY GENERAL,KEN PAXTON,REP,467,158
Gregg County,11/08/2022,General,105,63,1,1729,ATTORNEY GENERAL,ROCHELLE MERCEDES GARZA,DEM,165,70
Gregg County,11/08/2022,General,105,63,1,1729,ATTORNEY GENERAL,MARK ASH,LIB,20,6
Gregg County,11/08/2022,General,105,63,1,1729,COMPTROLLER OF PUBLIC ACCOUNTS,GLENN HEGAR,REP,485,164
Gregg County,11/08/2022,General,105,63,1,1729,COMPTROLLER OF PUBLIC ACCOUNTS,JANET T. DUDDING,DEM,155,62
Gregg County,11/08/2022,General,105,63,1,1729,COMPTROLLER OF PUBLIC ACCOUNTS,V. ALONZO ECHEVARRIA-GARZA,LIB,12,6
Gregg County,11/08/2022,General,105,63,1,1729,COMMISSIONER OF THE GENERAL LAND OFFICE,DAWN BUCKINGHAM,REP,474,160
Gregg County,11/08/2022,General,105,63,1,1729,COMMISSIONER OF THE GENERAL LAND OFFICE,JAY KLEBERG,DEM,167,66
Gregg County,11/08/2022,General,105,63,1,1729,COMMISSIONER OF THE GENERAL LAND OFFICE,"ALFRED MOLISON, JR",LIB,11,6
Gregg County,11/08/2022,General,105,63,1,1729,COMMISSIONER OF THE GENERAL LAND OFFICE,CARRIE EVELYN MENGER,,0,0
Gregg County,11/08/2022,General,105,63,1,1729,COMMISSIONER OF THE GENERAL LAND OFFICE,Rejected write-ins,,0,0
Gregg County,11/08/2022,General,105,63,1,1729,COMMISSIONER OF THE GENERAL LAND OFFICE,Unassigned write-ins,,0,0
Gregg County,11/08/2022,General,105,63,1,1729,COMMISSIONER OF AGRICULTURE,SID MILLER,REP,480,162
Gregg County,11/08/2022,General,105,63,1,1729,COMMISSIONER OF AGRICULTURE,SUSAN HAYS,DEM,173,69
Gregg County,11/08/2022,General,105,63,1,1729,RAILROAD COMMISSIONER,WAYNE CHRISTIAN,REP,478,164
Gregg County,11/08/2022,General,105,63,1,1729,RAILROAD COMMISSIONER,LUKE WARFORD,DEM,158,60
Gregg County,11/08/2022,General,105,63,1,1729,RAILROAD COMMISSIONER,JAIME ANDRES DIEZ,LIB,12,7
Gregg County,11/08/2022,General,105,63,1,1729,RAILROAD COMMISSIONER,HUNTER WAYNE CROW,GRN,6,2
Gregg County,11/08/2022,General,105,63,1,1729,"JUSTICE, SUPREME COURT, PLACE 3",DEBRA LEHRMANN,REP,476,161
Gregg County,11/08/2022,General,105,63,1,1729,"JUSTICE, SUPREME COURT, PLACE 3",ERIN A NOWELL,DEM,155,63
Gregg County,11/08/2022,General,105,63,1,1729,"JUSTICE, SUPREME COURT, PLACE 3",THOMAS EDWARD OXFORD,LIB,20,11
Gregg County,11/08/2022,General,105,63,1,1729,"JUSTICE, SUPREME COURT, PLACE 5",REBECA HUDDLE,REP,487,166
Gregg County,11/08/2022,General,105,63,1,1729,"JUSTICE, SUPREME COURT, PLACE 5",AMANDA REICHEK,DEM,160,68
Gregg County,11/08/2022,General,105,63,1,1729,"JUSTICE, SUPREME COURT, PLACE 9",EVAN YOUNG,REP,487,165
Gregg County,11/08/2022,General,105,63,1,1729,"JUSTICE, SUPREME COURT, PLACE 9",JULIA MALDONADO,DEM,161,66
Gregg County,11/08/2022,General,105,63,1,1729,"JUDGE, COURT OF CRIMINAL APPEALS, PLACE 5",SCOTT WALKER,REP,490,165
Gregg County,11/08/2022,General,105,63,1,1729,"JUDGE, COURT OF CRIMINAL APPEALS, PLACE 5",DANA HUFFMAN,DEM,160,66
Gregg County,11/08/2022,General,105,63,1,1729,"JUDGE, COURT OF CRIMINAL APPEALS, PLACE 6","JESSE F. MCCLURE, III",REP,488,167
Gregg County,11/08/2022,General,105,63,1,1729,"JUDGE, COURT OF CRIMINAL APPEALS, PLACE 6",ROBERT JOHNSON,DEM,161,64
Gregg County,11/08/2022,General,105,63,1,1729,COUNTY TAX ASSESSOR-COLLECTOR - UNEXPIRED TERM,MICHELLE TERRY,REP,504,169
Gregg County,11/08/2022,General,105,63,1,1729,COUNTY TAX ASSESSOR-COLLECTOR - UNEXPIRED TERM,KEETH JOHNSON,DEM,150,63
Gregg County,11/08/2022,General,105,63,2,3889,U.S. REPRESENTATIVE DISTRICT 1,NATHANIEL MORAN,REP,1130,333
Gregg County,11/08/2022,General,105,63,2,3889,U.S. REPRESENTATIVE DISTRICT 1,JRMAR (JJ) JEFFERSON,DEM,351,159
Gregg County,11/08/2022,General,105,63,2,3889,GOVERNOR,GREG ABBOTT,REP,1107,329
Gregg County,11/08/2022,General,105,63,2,3889,GOVERNOR,BETO O'ROURKE,DEM,356,158
Gregg County,11/08/2022,General,105,63,2,3889,GOVERNOR,MARK TIPPETTS,LIB,15,5
Gregg County,11/08/2022,General,105,63,2,3889,GOVERNOR,DELILAH BARRIOS,GRN,3,1
Gregg County,11/08/2022,General,105,63,2,3889,GOVERNOR,JACQUELINE ABERNATHY,,0,0
Gregg County,11/08/2022,General,105,63,2,3889,GOVERNOR,MARK V. GOLOBY,,0,0
Gregg County,11/08/2022,General,105,63,2,3889,GOVERNOR,Rejected write-ins,,0,0
Gregg County,11/08/2022,General,105,63,2,3889,GOVERNOR,Unassigned write-ins,,0,0
Gregg County,11/08/2022,General,105,63,2,3889,LIEUTENANT GOVERNOR,DAN PATRICK,REP,1071,321
Gregg County,11/08/2022,General,105,63,2,3889,LIEUTENANT GOVERNOR,MIKE COLLIER,DEM,368,156
Gregg County,11/08/2022,General,105,63,2,3889,LIEUTENANT GOVERNOR,SHANNA STEELE,LIB,40,14
Gregg County,11/08/2022,General,105,63,2,3889,ATTORNEY GENERAL,KEN PAXTON,REP,1041,322
Gregg County,11/08/2022,General,105,63,2,3889,ATTORNEY GENERAL,ROCHELLE MERCEDES GARZA,DEM,383,153
Gregg County,11/08/2022,General,105,63,2,3889,ATTORNEY GENERAL,MARK ASH,LIB,42,16
Gregg County,11/08/2022,General,105,63,2,3889,COMPTROLLER OF PUBLIC ACCOUNTS,GLENN HEGAR,REP,1103,325
Gregg County,11/08/2022,General,105,63,2,3889,COMPTROLLER OF PUBLIC ACCOUNTS,JANET T. DUDDING,DEM,345,145
Gregg County,11/08/2022,General,105,63,2,3889,COMPTROLLER OF PUBLIC ACCOUNTS,V. ALONZO ECHEVARRIA-GARZA,LIB,23,16
Gregg County,11/08/2022,General,105,63,2,3889,COMMISSIONER OF THE GENERAL LAND OFFICE,DAWN BUCKINGHAM,REP,1070,306
Gregg County,11/08/2022,General,105,63,2,3889,COMMISSIONER OF THE GENERAL LAND OFFICE,JAY KLEBERG,DEM,374,161
Gregg County,11/08/2022,General,105,63,2,3889,COMMISSIONER OF THE GENERAL LAND OFFICE,"ALFRED MOLISON, JR",LIB,18,18
Gregg County,11/08/2022,General,105,63,2,3889,COMMISSIONER OF THE GENERAL LAND OFFICE,CARRIE EVELYN MENGER,,0,0
Gregg County,11/08/2022,General,105,63,2,3889,COMMISSIONER OF THE GENERAL LAND OFFICE,Rejected write-ins,,0,0
Gregg County,11/08/2022,General,105,63,2,3889,COMMISSIONER OF THE GENERAL LAND OFFICE,Unassigned write-ins,,0,0
Gregg County,11/08/2022,General,105,63,2,3889,COMMISSIONER OF AGRICULTURE,SID MILLER,REP,1088,325
Gregg County,11/08/2022,General,105,63,2,3889,COMMISSIONER OF AGRICULTURE,SUSAN HAYS,DEM,381,162
Gregg County,11/08/2022,General,105,63,2,3889,RAILROAD COMMISSIONER,WAYNE CHRISTIAN,REP,1095,323
Gregg County,11/08/2022,General,105,63,2,3889,RAILROAD COMMISSIONER,LUKE WARFORD,DEM,343,147
Gregg County,11/08/2022,General,105,63,2,3889,RAILROAD COMMISSIONER,JAIME ANDRES DIEZ,LIB,26,11
Gregg County,11/08/2022,General,105,63,2,3889,RAILROAD COMMISSIONER,HUNTER WAYNE CROW,GRN,6,4
Gregg County,11/08/2022,General,105,63,2,3889,"JUSTICE, SUPREME COURT, PLACE 3",DEBRA LEHRMANN,REP,1108,321
Gregg County,11/08/2022,General,105,63,2,3889,"JUSTICE, SUPREME COURT, PLACE 3",ERIN A NOWELL,DEM,341,153
Gregg County,11/08/2022,General,105,63,2,3889,"JUSTICE, SUPREME COURT, PLACE 3",THOMAS EDWARD OXFORD,LIB,18,13
Gregg County,11/08/2022,General,105,63,2,3889,"JUSTICE, SUPREME COURT, PLACE 5",REBECA HUDDLE,REP,1118,332
Gregg County,11/08/2022,General,105,63,2,3889,"JUSTICE, SUPREME COURT, PLACE 5",AMANDA REICHEK,DEM,351,155
Gregg County,11/08/2022,General,105,63,2,3889,"JUSTICE, SUPREME COURT, PLACE 9",EVAN YOUNG,REP,1121,332
Gregg County,11/08/2022,General,105,63,2,3889,"JUSTICE, SUPREME COURT, PLACE 9",JULIA MALDONADO,DEM,351,155
Gregg County,11/08/2022,General,105,63,2,3889,"JUDGE, COURT OF CRIMINAL APPEALS, PLACE 5",SCOTT WALKER,REP,1111,335
Gregg County,11/08/2022,General,105,63,2,3889,"JUDGE, COURT OF CRIMINAL APPEALS, PLACE 5",DANA HUFFMAN,DEM,351,149
Gregg County,11/08/2022,General,105,63,2,3889,"JUDGE, COURT OF CRIMINAL APPEALS, PLACE 6","JESSE F. MCCLURE, III",REP,1111,332
Gregg County,11/08/2022,General,105,63,2,3889,"JUDGE, COURT OF CRIMINAL APPEALS, PLACE 6",ROBERT JOHNSON,DEM,344,151
Gregg County,11/08/2022,General,105,63,2,3889,COUNTY TAX ASSESSOR-COLLECTOR - UNEXPIRED TERM,MICHELLE TERRY,REP,1144,337
Gregg County,11/08/2022,General,105,63,2,3889,COUNTY TAX ASSESSOR-COLLECTOR - UNEXPIRED TERM,KEETH JOHNSON,DEM,319,147
Gregg County,11/08/2022,General,105,63,3,2285,U.S. REPRESENTATIVE DISTRICT 1,NATHANIEL MORAN,REP,593,202
Gregg County,11/08/2022,General,105,63,3,2285,U.S. REPRESENTATIVE DISTRICT 1,JRMAR (JJ) JEFFERSON,DEM,179,76
Gregg County,11/08/2022,General,105,63,3,2285,GOVERNOR,GREG ABBOTT,REP,589,201
Gregg County,11/08/2022,General,105,63,3,2285,GOVERNOR,BETO O'ROURKE,DEM,182,73
Gregg County,11/08/2022,General,105,63,3,2285,GOVERNOR,MARK TIPPETTS,LIB,3,4
Gregg County,11/08/2022,General,105,63,3,2285,GOVERNOR,DELILAH BARRIOS,GRN,0,0
Gregg County,11/08/2022,General,105,63,3,2285,GOVERNOR,JACQUELINE ABERNATHY,,0,0
Gregg County,11/08/2022,General,105,63,3,2285,GOVERNOR,MARK V. GOLOBY,,0,0
Gregg County,11/08/2022,General,105,63,3,2285,GOVERNOR,Rejected write-ins,,0,0
Gregg County,11/08/2022,General,105,63,3,2285,GOVERNOR,Unassigned write-ins,,0,0
Gregg County,11/08/2022,General,105,63,3,2285,LIEUTENANT GOVERNOR,DAN PATRICK,REP,570,195
Gregg County,11/08/2022,General,105,63,3,2285,LIEUTENANT GOVERNOR,MIKE COLLIER,DEM,191,74
Gregg County,11/08/2022,General,105,63,3,2285,LIEUTENANT GOVERNOR,SHANNA STEELE,LIB,9,6
Gregg County,11/08/2022,General,105,63,3,2285,ATTORNEY GENERAL,KEN PAXTON,REP,557,197
Gregg County,11/08/2022,General,105,63,3,2285,ATTORNEY GENERAL,ROCHELLE MERCEDES GARZA,DEM,194,73
Gregg County,11/08/2022,General,105,63,3,2285,ATTORNEY GENERAL,MARK ASH,LIB,15,5
Gregg County,11/08/2022,General,105,63,3,2285,COMPTROLLER OF PUBLIC ACCOUNTS,GLENN HEGAR,REP,582,203
Gregg County,11/08/2022,General,105,63,3,2285,COMPTROLLER OF PUBLIC ACCOUNTS,JANET T. DUDDING,DEM,174,70
Gregg County,11/08/2022,General,105,63,3,2285,COMPTROLLER OF PUBLIC ACCOUNTS,V. ALONZO ECHEVARRIA-GARZA,LIB,8,3
Gregg County,11/08/2022,General,105,63,3,2285,COMMISSIONER OF THE GENERAL LAND OFFICE,DAWN BUCKINGHAM,REP,572,198
Gregg County,11/08/2022,General,105,63,3,2285,COMMISSIONER OF THE GENERAL LAND OFFICE,JAY KLEBERG,DEM,186,68
Gregg County,11/08/2022,General,105,63,3,2285,COMMISSIONER OF THE GENERAL LAND OFFICE,"ALFRED MOLISON, JR",LIB,7,9
Gregg County,11/08/2022,General,105,63,3,2285,COMMISSIONER OF THE GENERAL LAND OFFICE,CARRIE EVELYN MENGER,,0,0
Gregg County,11/08/2022,General,105,63,3,2285,COMMISSIONER OF THE GENERAL LAND OFFICE,Rejected write-ins,,0,0
Gregg County,11/08/2022,General,105,63,3,2285,COMMISSIONER OF THE GENERAL LAND OFFICE,Unassigned write-ins,,0,0
Gregg County,11/08/2022,General,105,63,3,2285,COMMISSIONER OF AGRICULTURE,SID MILLER,REP,585,200
Gregg County,11/08/2022,General,105,63,3,2285,COMMISSIONER OF AGRICULTURE,SUSAN HAYS,DEM,187,76
Gregg County,11/08/2022,General,105,63,3,2285,RAILROAD COMMISSIONER,WAYNE CHRISTIAN,REP,580,197
Gregg County,11/08/2022,General,105,63,3,2285,RAILROAD COMMISSIONER,LUKE WARFORD,DEM,177,72
Gregg County,11/08/2022,General,105,63,3,2285,RAILROAD COMMISSIONER,JAIME ANDRES DIEZ,LIB,4,7
Gregg County,11/08/2022,General,105,63,3,2285,RAILROAD COMMISSIONER,HUNTER WAYNE CROW,GRN,4,1
Gregg County,11/08/2022,General,105,63,3,2285,"JUSTICE, SUPREME COURT, PLACE 3",DEBRA LEHRMANN,REP,582,201
Gregg County,11/08/2022,General,105,63,3,2285,"JUSTICE, SUPREME COURT, PLACE 3",ERIN A NOWELL,DEM,176,69
Gregg County,11/08/2022,General,105,63,3,2285,"JUSTICE, SUPREME COURT, PLACE 3",THOMAS EDWARD OXFORD,LIB,9,8
Gregg County,11/08/2022,General,105,63,3,2285,"JUSTICE, SUPREME COURT, PLACE 5",REBECA HUDDLE,REP,588,202
Gregg County,11/08/2022,General,105,63,3,2285,"JUSTICE, SUPREME COURT, PLACE 5",AMANDA REICHEK,DEM,181,73
Gregg County,11/08/2022,General,105,63,3,2285,"JUSTICE, SUPREME COURT, PLACE 9",EVAN YOUNG,REP,587,201
Gregg County,11/08/2022,General,105,63,3,2285,"JUSTICE, SUPREME COURT, PLACE 9",JULIA MALDONADO,DEM,181,76
Gregg County,11/08/2022,General,105,63,3,2285,"JUDGE, COURT OF CRIMINAL APPEALS, PLACE 5",SCOTT WALKER,REP,581,203
Gregg County,11/08/2022,General,105,63,3,2285,"JUDGE, COURT OF CRIMINAL APPEALS, PLACE 5",DANA HUFFMAN,DEM,186,72
Gregg County,11/08/2022,General,105,63,3,2285,"JUDGE, COURT OF CRIMINAL APPEALS, PLACE 6","JESSE F. MCCLURE, III",REP,582,200
Gregg County,11/08/2022,General,105,63,3,2285,"JUDGE, COURT OF CRIMINAL APPEALS, PLACE 6",ROBERT JOHNSON,DEM,185,73
Gregg County,11/08/2022,General,105,63,3,2285,COUNTY TAX ASSESSOR-COLLECTOR - UNEXPIRED TERM,MICHELLE TERRY,REP,601,203
Gregg County,11/08/2022,General,105,63,3,2285,COUNTY TAX ASSESSOR-COLLECTOR - UNEXPIRED TERM,KEETH JOHNSON,DEM,166,69
Gregg County,11/08/2022,General,105,63,4,3399,U.S. REPRESENTATIVE DISTRICT 1,NATHANIEL MORAN,REP,1223,421
Gregg County,11/08/2022,General,105,63,4,3399,U.S. REPRESENTATIVE DISTRICT 1,JRMAR (JJ) JEFFERSON,DEM,277,77
Gregg County,11/08/2022,General,105,63,4,3399,GOVERNOR,GREG ABBOTT,REP,1212,416
Gregg County,11/08/2022,General,105,63,4,3399,GOVERNOR,BETO O'ROURKE,DEM,283,74
Gregg County,11/08/2022,General,105,63,4,3399,GOVERNOR,MARK TIPPETTS,LIB,10,7
Gregg County,11/08/2022,General,105,63,4,3399,GOVERNOR,DELILAH BARRIOS,GRN,0,3
Gregg County,11/08/2022,General,105,63,4,3399,GOVERNOR,JACQUELINE ABERNATHY,,0,1
Gregg County,11/08/2022,General,105,63,4,3399,GOVERNOR,MARK V. GOLOBY,,0,0
Gregg County,11/08/2022,General,105,63,4,3399,GOVERNOR,Rejected write-ins,,0,0
Gregg County,11/08/2022,General,105,63,4,3399,GOVERNOR,Unassigned write-ins,,0,0
Gregg County,11/08/2022,General,105,63,4,3399,LIEUTENANT GOVERNOR,DAN PATRICK,REP,1183,408
Gregg County,11/08/2022,General,105,63,4,3399,LIEUTENANT GOVERNOR,MIKE COLLIER,DEM,291,76
Gregg County,11/08/2022,General,105,63,4,3399,LIEUTENANT GOVERNOR,SHANNA STEELE,LIB,27,14
Gregg County,11/08/2022,General,105,63,4,3399,ATTORNEY GENERAL,KEN PAXTON,REP,1165,398
Gregg County,11/08/2022,General,105,63,4,3399,ATTORNEY GENERAL,ROCHELLE MERCEDES GARZA,DEM,294,77
Gregg County,11/08/2022,General,105,63,4,3399,ATTORNEY GENERAL,MARK ASH,LIB,30,21
Gregg County,11/08/2022,General,105,63,4,3399,COMPTROLLER OF PUBLIC ACCOUNTS,GLENN HEGAR,REP,1208,419
Gregg County,11/08/2022,General,105,63,4,3399,COMPTROLLER OF PUBLIC ACCOUNTS,JANET T. DUDDING,DEM,258,62
Gregg County,11/08/2022,General,105,63,4,3399,COMPTROLLER OF PUBLIC ACCOUNTS,V. ALONZO ECHEVARRIA-GARZA,LIB,19,14
Gregg County,11/08/2022,General,105,63,4,3399,COMMISSIONER OF THE GENERAL LAND OFFICE,DAWN BUCKINGHAM,REP,1184,405
Gregg County,11/08/2022,General,105,63,4,3399,COMMISSIONER OF THE GENERAL LAND OFFICE,JAY KLEBERG,DEM,287,69
Gregg County,11/08/2022,General,105,63,4,3399,COMMISSIONER OF THE GENERAL LAND OFFICE,"ALFRED MOLISON, JR",LIB,17,19
Gregg County,11/08/2022,General,105,63,4,3399,COMMISSIONER OF THE GENERAL LAND OFFICE,CARRIE EVELYN MENGER,,0,0
Gregg County,11/08/2022,General,105,63,4,3399,COMMISSIONER OF THE GENERAL LAND OFFICE,Rejected write-ins,,0,0
Gregg County,11/08/2022,General,105,63,4,3399,COMMISSIONER OF THE GENERAL LAND OFFICE,Unassigned write-ins,,0,0
Gregg County,11/08/2022,General,105,63,4,3399,COMMISSIONER OF AGRICULTURE,SID MILLER,REP,1206,420
Gregg County,11/08/2022,General,105,63,4,3399,COMMISSIONER OF AGRICULTURE,SUSAN HAYS,DEM,286,74
Gregg County,11/08/2022,General,105,63,4,3399,RAILROAD COMMISSIONER,WAYNE CHRISTIAN,REP,1201,407
Gregg County,11/08/2022,General,105,63,4,3399,RAILROAD COMMISSIONER,LUKE WARFORD,DEM,262,61
Gregg County,11/08/2022,General,105,63,4,3399,RAILROAD COMMISSIONER,JAIME ANDRES DIEZ,LIB,17,21
Gregg County,11/08/2022,General,105,63,4,3399,RAILROAD COMMISSIONER,HUNTER WAYNE CROW,GRN,6,3
Gregg County,11/08/2022,General,105,63,4,3399,"JUSTICE, SUPREME COURT, PLACE 3",DEBRA LEHRMANN,REP,1207,406
Gregg County,11/08/2022,General,105,63,4,3399,"JUSTICE, SUPREME COURT, PLACE 3",ERIN A NOWELL,DEM,268,70
Gregg County,11/08/2022,General,105,63,4,3399,"JUSTICE, SUPREME COURT, PLACE 3",THOMAS EDWARD OXFORD,LIB,15,18
Gregg County,11/08/2022,General,105,63,4,3399,"JUSTICE, SUPREME COURT, PLACE 5",REBECA HUDDLE,REP,1216,419
Gregg County,11/08/2022,General,105,63,4,3399,"JUSTICE, SUPREME COURT, PLACE 5",AMANDA REICHEK,DEM,275,75
Gregg County,11/08/2022,General,105,63,4,3399,"JUSTICE, SUPREME COURT, PLACE 9",EVAN YOUNG,REP,1210,426
Gregg County,11/08/2022,General,105,63,4,3399,"JUSTICE, SUPREME COURT, PLACE 9",JULIA MALDONADO,DEM,277,68
Gregg County,11/08/2022,General,105,63,4,3399,"JUDGE, COURT OF CRIMINAL APPEALS, PLACE 5",SCOTT WALKER,REP,1215,422
Gregg County,11/08/2022,General,105,63,4,3399,"JUDGE, COURT OF CRIMINAL APPEALS, PLACE 5",DANA HUFFMAN,DEM,273,70
Gregg County,11/08/2022,General,105,63,4,3399,"JUDGE, COURT OF CRIMINAL APPEALS, PLACE 6","JESSE F. MCCLURE, III",REP,1213,422
Gregg County,11/08/2022,General,105,63,4,3399,"JUDGE, COURT OF CRIMINAL APPEALS, PLACE 6",ROBERT JOHNSON,DEM,268,70
Gregg County,11/08/2022,General,105,63,4,3399,COUNTY TAX ASSESSOR-COLLECTOR - UNEXPIRED TERM,MICHELLE TERRY,REP,1236,428
Gregg County,11/08/2022,General,105,63,4,3399,COUNTY TAX ASSESSOR-COLLECTOR - UNEXPIRED TERM,KEETH JOHNSON,DEM,250,66
Gregg County,11/08/2022,General,105,63,5,4095,U.S. REPRESENTATIVE DISTRICT 1,NATHANIEL MORAN,REP,1212,405
Gregg County,11/08/2022,General,105,63,5,4095,U.S. REPRESENTATIVE DISTRICT 1,JRMAR (JJ) JEFFERSON,DEM,282,122
Gregg County,11/08/2022,General,105,63,5,4095,GOVERNOR,GREG ABBOTT,REP,1214,396
Gregg County,11/08/2022,General,105,63,5,4095,GOVERNOR,BETO O'ROURKE,DEM,281,122
Gregg County,11/08/2022,General,105,63,5,4095,GOVERNOR,MARK TIPPETTS,LIB,7,5
Gregg County,11/08/2022,General,105,63,5,4095,GOVERNOR,DELILAH BARRIOS,GRN,0,2
Gregg County,11/08/2022,General,105,63,5,4095,GOVERNOR,JACQUELINE ABERNATHY,,0,0
Gregg County,11/08/2022,General,105,63,5,4095,GOVERNOR,MARK V. GOLOBY,,0,0
Gregg County,11/08/2022,General,105,63,5,4095,GOVERNOR,Rejected write-ins,,0,1
Gregg County,11/08/2022,General,105,63,5,4095,GOVERNOR,Unassigned write-ins,,0,0
Gregg County,11/08/2022,General,105,63,5,4095,LIEUTENANT GOVERNOR,DAN PATRICK,REP,1179,394
Gregg County,11/08/2022,General,105,63,5,4095,LIEUTENANT GOVERNOR,MIKE COLLIER,DEM,288,120
Gregg County,11/08/2022,General,105,63,5,4095,LIEUTENANT GOVERNOR,SHANNA STEELE,LIB,25,12
Gregg County,11/08/2022,General,105,63,5,4095,ATTORNEY GENERAL,KEN PAXTON,REP,1165,391
Gregg County,11/08/2022,General,105,63,5,4095,ATTORNEY GENERAL,ROCHELLE MERCEDES GARZA,DEM,294,123
Gregg County,11/08/2022,General,105,63,5,4095,ATTORNEY GENERAL,MARK ASH,LIB,30,10
Gregg County,11/08/2022,General,105,63,5,4095,COMPTROLLER OF PUBLIC ACCOUNTS,GLENN HEGAR,REP,1203,394
Gregg County,11/08/2022,General,105,63,5,4095,COMPTROLLER OF PUBLIC ACCOUNTS,JANET T. DUDDING,DEM,270,116
Gregg County,11/08/2022,General,105,63,5,4095,COMPTROLLER OF PUBLIC ACCOUNTS,V. ALONZO ECHEVARRIA-GARZA,LIB,19,12
Gregg County,11/08/2022,General,105,63,5,4095,COMMISSIONER OF THE GENERAL LAND OFFICE,DAWN BUCKINGHAM,REP,1181,393
Gregg County,11/08/2022,General,105,63,5,4095,COMMISSIONER OF THE GENERAL LAND OFFICE,JAY KLEBERG,DEM,288,121
Gregg County,11/08/2022,General,105,63,5,4095,COMMISSIONER OF THE GENERAL LAND OFFICE,"ALFRED MOLISON, JR",LIB,16,10
Gregg County,11/08/2022,General,105,63,5,4095,COMMISSIONER OF THE GENERAL LAND OFFICE,CARRIE EVELYN MENGER,,0,0
Gregg County,11/08/2022,General,105,63,5,4095,COMMISSIONER OF THE GENERAL LAND OFFICE,Rejected write-ins,,0,0
Gregg County,11/08/2022,General,105,63,5,4095,COMMISSIONER OF THE GENERAL LAND OFFICE,Unassigned write-ins,,0,0
Gregg County,11/08/2022,General,105,63,5,4095,COMMISSIONER OF AGRICULTURE,SID MILLER,REP,1187,398
Gregg County,11/08/2022,General,105,63,5,4095,COMMISSIONER OF AGRICULTURE,SUSAN HAYS,DEM,292,124
Gregg County,11/08/2022,General,105,63,5,4095,RAILROAD COMMISSIONER,WAYNE CHRISTIAN,REP,1189,391
Gregg County,11/08/2022,General,105,63,5,4095,RAILROAD COMMISSIONER,LUKE WARFORD,DEM,270,114
Gregg County,11/08/2022,General,105,63,5,4095,RAILROAD COMMISSIONER,JAIME ANDRES DIEZ,LIB,22,15
Gregg County,11/08/2022,General,105,63,5,4095,RAILROAD COMMISSIONER,HUNTER WAYNE CROW,GRN,1,3
Gregg County,11/08/2022,General,105,63,5,4095,"JUSTICE, SUPREME COURT, PLACE 3",DEBRA LEHRMANN,REP,1191,388
Gregg County,11/08/2022,General,105,63,5,4095,"JUSTICE, SUPREME COURT, PLACE 3",ERIN A NOWELL,DEM,277,121
Gregg County,11/08/2022,General,105,63,5,4095,"JUSTICE, SUPREME COURT, PLACE 3",THOMAS EDWARD OXFORD,LIB,21,13
Gregg County,11/08/2022,General,105,63,5,4095,"JUSTICE, SUPREME COURT, PLACE 5",REBECA HUDDLE,REP,1196,394
Gregg County,11/08/2022,General,105,63,5,4095,"JUSTICE, SUPREME COURT, PLACE 5",AMANDA REICHEK,DEM,282,128
Gregg County,11/08/2022,General,105,63,5,4095,"JUSTICE, SUPREME COURT, PLACE 9",EVAN YOUNG,REP,1196,394
Gregg County,11/08/2022,General,105,63,5,4095,"JUSTICE, SUPREME COURT, PLACE 9",JULIA MALDONADO,DEM,284,128
Gregg County,11/08/2022,General,105,63,5,4095,"JUDGE, COURT OF CRIMINAL APPEALS, PLACE 5",SCOTT WALKER,REP,1204,398
Gregg County,11/08/2022,General,105,63,5,4095,"JUDGE, COURT OF CRIMINAL APPEALS, PLACE 5",DANA HUFFMAN,DEM,282,122
Gregg County,11/08/2022,General,105,63,5,4095,"JUDGE, COURT OF CRIMINAL APPEALS, PLACE 6","JESSE F. MCCLURE, III",REP,1196,401
Gregg County,11/08/2022,General,105,63,5,4095,"JUDGE, COURT OF CRIMINAL APPEALS, PLACE 6",ROBERT JOHNSON,DEM,284,121
Gregg County,11/08/2022,General,105,63,5,4095,COUNTY TAX ASSESSOR-COLLECTOR - UNEXPIRED TERM,MICHELLE TERRY,REP,1218,400
Gregg County,11/08/2022,General,105,63,5,4095,COUNTY TAX ASSESSOR-COLLECTOR - UNEXPIRED TERM,KEETH JOHNSON,DEM,263,121
Gregg County,11/08/2022,General,105,63,6,2587,U.S. REPRESENTATIVE DISTRICT 1,NATHANIEL MORAN,REP,805,370
Gregg County,11/08/2022,General,105,63,6,2587,U.S. REPRESENTATIVE DISTRICT 1,JRMAR (JJ) JEFFERSON,DEM,128,64
Gregg County,11/08/2022,General,105,63,6,2587,GOVERNOR,GREG ABBOTT,REP,795,368
Gregg County,11/08/2022,General,105,63,6,2587,GOVERNOR,BETO O'ROURKE,DEM,131,61
Gregg County,11/08/2022,General,105,63,6,2587,GOVERNOR,MARK TIPPETTS,LIB,7,5
Gregg County,11/08/2022,General,105,63,6,2587,GOVERNOR,DELILAH BARRIOS,GRN,1,0
Gregg County,11/08/2022,General,105,63,6,2587,GOVERNOR,JACQUELINE ABERNATHY,,0,0
Gregg County,11/08/2022,General,105,63,6,2587,GOVERNOR,MARK V. GOLOBY,,0,0
Gregg County,11/08/2022,General,105,63,6,2587,GOVERNOR,Rejected write-ins,,0,0
Gregg County,11/08/2022,General,105,63,6,2587,GOVERNOR,Unassigned write-ins,,0,0
Gregg County,11/08/2022,General,105,63,6,2587,LIEUTENANT GOVERNOR,DAN PATRICK,REP,772,359
Gregg County,11/08/2022,General,105,63,6,2587,LIEUTENANT GOVERNOR,MIKE COLLIER,DEM,142,61
Gregg County,11/08/2022,General,105,63,6,2587,LIEUTENANT GOVERNOR,SHANNA STEELE,LIB,17,12
Gregg County,11/08/2022,General,105,63,6,2587,ATTORNEY GENERAL,KEN PAXTON,REP,762,356
Gregg County,11/08/2022,General,105,63,6,2587,ATTORNEY GENERAL,ROCHELLE MERCEDES GARZA,DEM,138,60
Gregg County,11/08/2022,General,105,63,6,2587,ATTORNEY GENERAL,MARK ASH,LIB,25,13
Gregg County,11/08/2022,General,105,63,6,2587,COMPTROLLER OF PUBLIC ACCOUNTS,GLENN HEGAR,REP,793,364
Gregg County,11/08/2022,General,105,63,6,2587,COMPTROLLER OF PUBLIC ACCOUNTS,JANET T. DUDDING,DEM,121,57
Gregg County,11/08/2022,General,105,63,6,2587,COMPTROLLER OF PUBLIC ACCOUNTS,V. ALONZO ECHEVARRIA-GARZA,LIB,16,10
Gregg County,11/08/2022,General,105,63,6,2587,COMMISSIONER OF THE GENERAL LAND OFFICE,DAWN BUCKINGHAM,REP,777,362
Gregg County,11/08/2022,General,105,63,6,2587,COMMISSIONER OF THE GENERAL LAND OFFICE,JAY KLEBERG,DEM,141,56
Gregg County,11/08/2022,General,105,63,6,2587,COMMISSIONER OF THE GENERAL LAND OFFICE,"ALFRED MOLISON, JR",LIB,12,12
Gregg County,11/08/2022,General,105,63,6,2587,COMMISSIONER OF THE GENERAL LAND OFFICE,CARRIE EVELYN MENGER,,0,0
Gregg County,11/08/2022,General,105,63,6,2587,COMMISSIONER OF THE GENERAL LAND OFFICE,Rejected write-ins,,0,0
Gregg County,11/08/2022,General,105,63,6,2587,COMMISSIONER OF THE GENERAL LAND OFFICE,Unassigned write-ins,,0,0
Gregg County,11/08/2022,General,105,63,6,2587,COMMISSIONER OF AGRICULTURE,SID MILLER,REP,786,366
Gregg County,11/08/2022,General,105,63,6,2587,COMMISSIONER OF AGRICULTURE,SUSAN HAYS,DEM,140,65
Gregg County,11/08/2022,General,105,63,6,2587,RAILROAD COMMISSIONER,WAYNE CHRISTIAN,REP,782,363
Gregg County,11/08/2022,General,105,63,6,2587,RAILROAD COMMISSIONER,LUKE WARFORD,DEM,132,53
Gregg County,11/08/2022,General,105,63,6,2587,RAILROAD COMMISSIONER,JAIME ANDRES DIEZ,LIB,12,11
Gregg County,11/08/2022,General,105,63,6,2587,RAILROAD COMMISSIONER,HUNTER WAYNE CROW,GRN,3,3
Gregg County,11/08/2022,General,105,63,6,2587,"JUSTICE, SUPREME COURT, PLACE 3",DEBRA LEHRMANN,REP,787,366
Gregg County,11/08/2022,General,105,63,6,2587,"JUSTICE, SUPREME COURT, PLACE 3",ERIN A NOWELL,DEM,127,56
Gregg County,11/08/2022,General,105,63,6,2587,"JUSTICE, SUPREME COURT, PLACE 3",THOMAS EDWARD OXFORD,LIB,15,10
Gregg County,11/08/2022,General,105,63,6,2587,"JUSTICE, SUPREME COURT, PLACE 5",REBECA HUDDLE,REP,793,369
Gregg County,11/08/2022,General,105,63,6,2587,"JUSTICE, SUPREME COURT, PLACE 5",AMANDA REICHEK,DEM,134,62
Gregg County,11/08/2022,General,105,63,6,2587,"JUSTICE, SUPREME COURT, PLACE 9",EVAN YOUNG,REP,797,367
Gregg County,11/08/2022,General,105,63,6,2587,"JUSTICE, SUPREME COURT, PLACE 9",JULIA MALDONADO,DEM,131,65
Gregg County,11/08/2022,General,105,63,6,2587,"JUDGE, COURT OF CRIMINAL APPEALS, PLACE 5",SCOTT WALKER,REP,799,369
Gregg County,11/08/2022,General,105,63,6,2587,"JUDGE, COURT OF CRIMINAL APPEALS, PLACE 5",DANA HUFFMAN,DEM,130,62
Gregg County,11/08/2022,General,105,63,6,2587,"JUDGE, COURT OF CRIMINAL APPEALS, PLACE 6","JESSE F. MCCLURE, III",REP,794,369
Gregg County,11/08/2022,General,105,63,6,2587,"JUDGE, COURT OF CRIMINAL APPEALS, PLACE 6",ROBERT JOHNSON,DEM,132,61
Gregg County,11/08/2022,General,105,63,6,2587,COUNTY TAX ASSESSOR-COLLECTOR - UNEXPIRED TERM,MICHELLE TERRY,REP,808,373
Gregg County,11/08/2022,General,105,63,6,2587,COUNTY TAX ASSESSOR-COLLECTOR - UNEXPIRED TERM,KEETH JOHNSON,DEM,117,56
Gregg County,11/08/2022,General,105,63,7,3407,U.S. REPRESENTATIVE DISTRICT 1,NATHANIEL MORAN,REP,857,476
Gregg County,11/08/2022,General,105,63,7,3407,U.S. REPRESENTATIVE DISTRICT 1,JRMAR (JJ) JEFFERSON,DEM,163,91
Gregg County,11/08/2022,General,105,63,7,3407,GOVERNOR,GREG ABBOTT,REP,856,466
Gregg County,11/08/2022,General,105,63,7,3407,GOVERNOR,BETO O'ROURKE,DEM,164,95
Gregg County,11/08/2022,General,105,63,7,3407,GOVERNOR,MARK TIPPETTS,LIB,5,9
Gregg County,11/08/2022,General,105,63,7,3407,GOVERNOR,DELILAH BARRIOS,GRN,1,0
Gregg County,11/08/2022,General,105,63,7,3407,GOVERNOR,JACQUELINE ABERNATHY,,1,0
Gregg County,11/08/2022,General,105,63,7,3407,GOVERNOR,MARK V. GOLOBY,,0,0
Gregg County,11/08/2022,General,105,63,7,3407,GOVERNOR,Rejected write-ins,,1,0
Gregg County,11/08/2022,General,105,63,7,3407,GOVERNOR,Unassigned write-ins,,0,0
Gregg County,11/08/2022,General,105,63,7,3407,LIEUTENANT GOVERNOR,DAN PATRICK,REP,838,457
Gregg County,11/08/2022,General,105,63,7,3407,LIEUTENANT GOVERNOR,MIKE COLLIER,DEM,174,90
Gregg County,11/08/2022,General,105,63,7,3407,LIEUTENANT GOVERNOR,SHANNA STEELE,LIB,15,19
Gregg County,11/08/2022,General,105,63,7,3407,ATTORNEY GENERAL,KEN PAXTON,REP,823,457
Gregg County,11/08/2022,General,105,63,7,3407,ATTORNEY GENERAL,ROCHELLE MERCEDES GARZA,DEM,176,94
Gregg County,11/08/2022,General,105,63,7,3407,ATTORNEY GENERAL,MARK ASH,LIB,24,13
Gregg County,11/08/2022,General,105,63,7,3407,COMPTROLLER OF PUBLIC ACCOUNTS,GLENN HEGAR,REP,847,467
Gregg County,11/08/2022,General,105,63,7,3407,COMPTROLLER OF PUBLIC ACCOUNTS,JANET T. DUDDING,DEM,163,83
Gregg County,11/08/2022,General,105,63,7,3407,COMPTROLLER OF PUBLIC ACCOUNTS,V. ALONZO ECHEVARRIA-GARZA,LIB,12,15
Gregg County,11/08/2022,General,105,63,7,3407,COMMISSIONER OF THE GENERAL LAND OFFICE,DAWN BUCKINGHAM,REP,836,466
Gregg County,11/08/2022,General,105,63,7,3407,COMMISSIONER OF THE GENERAL LAND OFFICE,JAY KLEBERG,DEM,172,85
Gregg County,11/08/2022,General,105,63,7,3407,COMMISSIONER OF THE GENERAL LAND OFFICE,"ALFRED MOLISON, JR",LIB,14,11
Gregg County,11/08/2022,General,105,63,7,3407,COMMISSIONER OF THE GENERAL LAND OFFICE,CARRIE EVELYN MENGER,,0,0
Gregg County,11/08/2022,General,105,63,7,3407,COMMISSIONER OF THE GENERAL LAND OFFICE,Rejected write-ins,,0,0
Gregg County,11/08/2022,General,105,63,7,3407,COMMISSIONER OF THE GENERAL LAND OFFICE,Unassigned write-ins,,0,0
Gregg County,11/08/2022,General,105,63,7,3407,COMMISSIONER OF AGRICULTURE,SID MILLER,REP,849,473
Gregg County,11/08/2022,General,105,63,7,3407,COMMISSIONER OF AGRICULTURE,SUSAN HAYS,DEM,173,94
Gregg County,11/08/2022,General,105,63,7,3407,RAILROAD COMMISSIONER,WAYNE CHRISTIAN,REP,843,465
Gregg County,11/08/2022,General,105,63,7,3407,RAILROAD COMMISSIONER,LUKE WARFORD,DEM,158,83
Gregg County,11/08/2022,General,105,63,7,3407,RAILROAD COMMISSIONER,JAIME ANDRES DIEZ,LIB,16,11
Gregg County,11/08/2022,General,105,63,7,3407,RAILROAD COMMISSIONER,HUNTER WAYNE CROW,GRN,3,5
Gregg County,11/08/2022,General,105,63,7,3407,"JUSTICE, SUPREME COURT, PLACE 3",DEBRA LEHRMANN,REP,847,463
Gregg County,11/08/2022,General,105,63,7,3407,"JUSTICE, SUPREME COURT, PLACE 3",ERIN A NOWELL,DEM,160,88
Gregg County,11/08/2022,General,105,63,7,3407,"JUSTICE, SUPREME COURT, PLACE 3",THOMAS EDWARD OXFORD,LIB,15,15
Gregg County,11/08/2022,General,105,63,7,3407,"JUSTICE, SUPREME COURT, PLACE 5",REBECA HUDDLE,REP,851,474
Gregg County,11/08/2022,General,105,63,7,3407,"JUSTICE, SUPREME COURT, PLACE 5",AMANDA REICHEK,DEM,168,92
Gregg County,11/08/2022,General,105,63,7,3407,"JUSTICE, SUPREME COURT, PLACE 9",EVAN YOUNG,REP,849,474
Gregg County,11/08/2022,General,105,63,7,3407,"JUSTICE, SUPREME COURT, PLACE 9",JULIA MALDONADO,DEM,173,92
Gregg County,11/08/2022,General,105,63,7,3407,"JUDGE, COURT OF CRIMINAL APPEALS, PLACE 5",SCOTT WALKER,REP,856,472
Gregg County,11/08/2022,General,105,63,7,3407,"JUDGE, COURT OF CRIMINAL APPEALS, PLACE 5",DANA HUFFMAN,DEM,167,93
Gregg County,11/08/2022,General,105,63,7,3407,"JUDGE, COURT OF CRIMINAL APPEALS, PLACE 6","JESSE F. MCCLURE, III",REP,854,473
Gregg County,11/08/2022,General,105,63,7,3407,"JUDGE, COURT OF CRIMINAL APPEALS, PLACE 6",ROBERT JOHNSON,DEM,164,86
Gregg County,11/08/2022,General,105,63,7,3407,COUNTY TAX ASSESSOR-COLLECTOR - UNEXPIRED TERM,MICHELLE TERRY,REP,860,483
Gregg County,11/08/2022,General,105,63,7,3407,COUNTY TAX ASSESSOR-COLLECTOR - UNEXPIRED TERM,KEETH JOHNSON,DEM,155,79
Gregg County,11/08/2022,General,105,63,8,4723,U.S. REPRESENTATIVE DISTRICT 1,NATHANIEL MORAN,REP,1263,468
Gregg County,11/08/2022,General,105,63,8,4723,U.S. REPRESENTATIVE DISTRICT 1,JRMAR (JJ) JEFFERSON,DEM,323,176
Gregg County,11/08/2022,General,105,63,8,4723,GOVERNOR,GREG ABBOTT,REP,1264,453
Gregg County,11/08/2022,General,105,63,8,4723,GOVERNOR,BETO O'ROURKE,DEM,321,182
Gregg County,11/08/2022,General,105,63,8,4723,GOVERNOR,MARK TIPPETTS,LIB,9,8
Gregg County,11/08/2022,General,105,63,8,4723,GOVERNOR,DELILAH BARRIOS,GRN,3,2
Gregg County,11/08/2022,General,105,63,8,4723,GOVERNOR,JACQUELINE ABERNATHY,,0,1
Gregg County,11/08/2022,General,105,63,8,4723,GOVERNOR,MARK V. GOLOBY,,0,0
Gregg County,11/08/2022,General,105,63,8,4723,GOVERNOR,Rejected write-ins,,0,0
Gregg County,11/08/2022,General,105,63,8,4723,GOVERNOR,Unassigned write-ins,,0,0
Gregg County,11/08/2022,General,105,63,8,4723,LIEUTENANT GOVERNOR,DAN PATRICK,REP,1250,443
Gregg County,11/08/2022,General,105,63,8,4723,LIEUTENANT GOVERNOR,MIKE COLLIER,DEM,327,172
Gregg County,11/08/2022,General,105,63,8,4723,LIEUTENANT GOVERNOR,SHANNA STEELE,LIB,12,22
Gregg County,11/08/2022,General,105,63,8,4723,ATTORNEY GENERAL,KEN PAXTON,REP,1221,451
Gregg County,11/08/2022,General,105,63,8,4723,ATTORNEY GENERAL,ROCHELLE MERCEDES GARZA,DEM,340,176
Gregg County,11/08/2022,General,105,63,8,4723,ATTORNEY GENERAL,MARK ASH,LIB,24,12
Gregg County,11/08/2022,General,105,63,8,4723,COMPTROLLER OF PUBLIC ACCOUNTS,GLENN HEGAR,REP,1256,454
Gregg County,11/08/2022,General,105,63,8,4723,COMPTROLLER OF PUBLIC ACCOUNTS,JANET T. DUDDING,DEM,310,164
Gregg County,11/08/2022,General,105,63,8,4723,COMPTROLLER OF PUBLIC ACCOUNTS,V. ALONZO ECHEVARRIA-GARZA,LIB,11,21
Gregg County,11/08/2022,General,105,63,8,4723,COMMISSIONER OF THE GENERAL LAND OFFICE,DAWN BUCKINGHAM,REP,1241,451
Gregg County,11/08/2022,General,105,63,8,4723,COMMISSIONER OF THE GENERAL LAND OFFICE,JAY KLEBERG,DEM,320,170
Gregg County,11/08/2022,General,105,63,8,4723,COMMISSIONER OF THE GENERAL LAND OFFICE,"ALFRED MOLISON, JR",LIB,10,17
Gregg County,11/08/2022,General,105,63,8,4723,COMMISSIONER OF THE GENERAL LAND OFFICE,CARRIE EVELYN MENGER,,0,0
Gregg County,11/08/2022,General,105,63,8,4723,COMMISSIONER OF THE GENERAL LAND OFFICE,Rejected write-ins,,0,0
Gregg County,11/08/2022,General,105,63,8,4723,COMMISSIONER OF THE GENERAL LAND OFFICE,Unassigned write-ins,,0,0
Gregg County,11/08/2022,General,105,63,8,4723,COMMISSIONER OF AGRICULTURE,SID MILLER,REP,1244,468
Gregg County,11/08/2022,General,105,63,8,4723,COMMISSIONER OF AGRICULTURE,SUSAN HAYS,DEM,330,173
Gregg County,11/08/2022,General,105,63,8,4723,RAILROAD COMMISSIONER,WAYNE CHRISTIAN,REP,1246,447
Gregg County,11/08/2022,General,105,63,8,4723,RAILROAD COMMISSIONER,LUKE WARFORD,DEM,308,159
Gregg County,11/08/2022,General,105,63,8,4723,RAILROAD COMMISSIONER,JAIME ANDRES DIEZ,LIB,11,25
Gregg County,11/08/2022,General,105,63,8,4723,RAILROAD COMMISSIONER,HUNTER WAYNE CROW,GRN,7,8
Gregg County,11/08/2022,General,105,63,8,4723,"JUSTICE, SUPREME COURT, PLACE 3",DEBRA LEHRMANN,REP,1254,454
Gregg County,11/08/2022,General,105,63,8,4723,"JUSTICE, SUPREME COURT, PLACE 3",ERIN A NOWELL,DEM,314,169
Gregg County,11/08/2022,General,105,63,8,4723,"JUSTICE, SUPREME COURT, PLACE 3",THOMAS EDWARD OXFORD,LIB,7,15
Gregg County,11/08/2022,General,105,63,8,4723,"JUSTICE, SUPREME COURT, PLACE 5",REBECA HUDDLE,REP,1258,461
Gregg County,11/08/2022,General,105,63,8,4723,"JUSTICE, SUPREME COURT, PLACE 5",AMANDA REICHEK,DEM,317,178
Gregg County,11/08/2022,General,105,63,8,4723,"JUSTICE, SUPREME COURT, PLACE 9",EVAN YOUNG,REP,1248,460
Gregg County,11/08/2022,General,105,63,8,4723,"JUSTICE, SUPREME COURT, PLACE 9",JULIA MALDONADO,DEM,323,177
Gregg County,11/08/2022,General,105,63,8,4723,"JUDGE, COURT OF CRIMINAL APPEALS, PLACE 5",SCOTT WALKER,REP,1254,458
Gregg County,11/08/2022,General,105,63,8,4723,"JUDGE, COURT OF CRIMINAL APPEALS, PLACE 5",DANA HUFFMAN,DEM,320,178
Gregg County,11/08/2022,General,105,63,8,4723,"JUDGE, COURT OF CRIMINAL APPEALS, PLACE 6","JESSE F. MCCLURE, III",REP,1253,460
Gregg County,11/08/2022,General,105,63,8,4723,"JUDGE, COURT OF CRIMINAL APPEALS, PLACE 6",ROBERT JOHNSON,DEM,317,176
Gregg County,11/08/2022,General,105,63,8,4723,COUNTY TAX ASSESSOR-COLLECTOR - UNEXPIRED TERM,MICHELLE TERRY,REP,1284,479
Gregg County,11/08/2022,General,105,63,8,4723,COUNTY TAX ASSESSOR-COLLECTOR - UNEXPIRED TERM,KEETH JOHNSON,DEM,293,158
Gregg County,11/08/2022,General,105,63,9,4132,U.S. REPRESENTATIVE DISTRICT 1,NATHANIEL MORAN,REP,1264,372
Gregg County,11/08/2022,General,105,63,9,4132,U.S. REPRESENTATIVE DISTRICT 1,JRMAR (JJ) JEFFERSON,DEM,395,172
Gregg County,11/08/2022,General,105,63,9,4132,GOVERNOR,GREG ABBOTT,REP,1248,359
Gregg County,11/08/2022,General,105,63,9,4132,GOVERNOR,BETO O'ROURKE,DEM,408,176
Gregg County,11/08/2022,General,105,63,9,4132,GOVERNOR,MARK TIPPETTS,LIB,13,7
Gregg County,11/08/2022,General,105,63,9,4132,GOVERNOR,DELILAH BARRIOS,GRN,1,3
Gregg County,11/08/2022,General,105,63,9,4132,GOVERNOR,JACQUELINE ABERNATHY,,0,1
Gregg County,11/08/2022,General,105,63,9,4132,GOVERNOR,MARK V. GOLOBY,,0,0
Gregg County,11/08/2022,General,105,63,9,4132,GOVERNOR,Rejected write-ins,,1,0
Gregg County,11/08/2022,General,105,63,9,4132,GOVERNOR,Unassigned write-ins,,0,0
Gregg County,11/08/2022,General,105,63,9,4132,LIEUTENANT GOVERNOR,DAN PATRICK,REP,1214,365
Gregg County,11/08/2022,General,105,63,9,4132,LIEUTENANT GOVERNOR,MIKE COLLIER,DEM,423,163
Gregg County,11/08/2022,General,105,63,9,4132,LIEUTENANT GOVERNOR,SHANNA STEELE,LIB,25,16
Gregg County,11/08/2022,General,105,63,9,4132,ATTORNEY GENERAL,KEN PAXTON,REP,1182,362
Gregg County,11/08/2022,General,105,63,9,4132,ATTORNEY GENERAL,ROCHELLE MERCEDES GARZA,DEM,431,171
Gregg County,11/08/2022,General,105,63,9,4132,ATTORNEY GENERAL,MARK ASH,LIB,42,12
Gregg County,11/08/2022,General,105,63,9,4132,COMPTROLLER OF PUBLIC ACCOUNTS,GLENN HEGAR,REP,1248,367
Gregg County,11/08/2022,General,105,63,9,4132,COMPTROLLER OF PUBLIC ACCOUNTS,JANET T. DUDDING,DEM,393,162
Gregg County,11/08/2022,General,105,63,9,4132,COMPTROLLER OF PUBLIC ACCOUNTS,V. ALONZO ECHEVARRIA-GARZA,LIB,13,12
Gregg County,11/08/2022,General,105,63,9,4132,COMMISSIONER OF THE GENERAL LAND OFFICE,DAWN BUCKINGHAM,REP,1226,369
Gregg County,11/08/2022,General,105,63,9,4132,COMMISSIONER OF THE GENERAL LAND OFFICE,JAY KLEBERG,DEM,407,161
Gregg County,11/08/2022,General,105,63,9,4132,COMMISSIONER OF THE GENERAL LAND OFFICE,"ALFRED MOLISON, JR",LIB,17,11
Gregg County,11/08/2022,General,105,63,9,4132,COMMISSIONER OF THE GENERAL LAND OFFICE,CARRIE EVELYN MENGER,,0,0
Gregg County,11/08/2022,General,105,63,9,4132,COMMISSIONER OF THE GENERAL LAND OFFICE,Rejected write-ins,,1,0
Gregg County,11/08/2022,General,105,63,9,4132,COMMISSIONER OF THE GENERAL LAND OFFICE,Unassigned write-ins,,0,0
Gregg County,11/08/2022,General,105,63,9,4132,COMMISSIONER OF AGRICULTURE,SID MILLER,REP,1244,370
Gregg County,11/08/2022,General,105,63,9,4132,COMMISSIONER OF AGRICULTURE,SUSAN HAYS,DEM,415,171
Gregg County,11/08/2022,General,105,63,9,4132,RAILROAD COMMISSIONER,WAYNE CHRISTIAN,REP,1238,366
Gregg County,11/08/2022,General,105,63,9,4132,RAILROAD COMMISSIONER,LUKE WARFORD,DEM,383,154
Gregg County,11/08/2022,General,105,63,9,4132,RAILROAD COMMISSIONER,JAIME ANDRES DIEZ,LIB,25,15
Gregg County,11/08/2022,General,105,63,9,4132,RAILROAD COMMISSIONER,HUNTER WAYNE CROW,GRN,4,5
Gregg County,11/08/2022,General,105,63,9,4132,"JUSTICE, SUPREME COURT, PLACE 3",DEBRA LEHRMANN,REP,1243,363
Gregg County,11/08/2022,General,105,63,9,4132,"JUSTICE, SUPREME COURT, PLACE 3",ERIN A NOWELL,DEM,393,169
Gregg County,11/08/2022,General,105,63,9,4132,"JUSTICE, SUPREME COURT, PLACE 3",THOMAS EDWARD OXFORD,LIB,13,10
Gregg County,11/08/2022,General,105,63,9,4132,"JUSTICE, SUPREME COURT, PLACE 5",REBECA HUDDLE,REP,1253,373
Gregg County,11/08/2022,General,105,63,9,4132,"JUSTICE, SUPREME COURT, PLACE 5",AMANDA REICHEK,DEM,398,169
Gregg County,11/08/2022,General,105,63,9,4132,"JUSTICE, SUPREME COURT, PLACE 9",EVAN YOUNG,REP,1241,369
Gregg County,11/08/2022,General,105,63,9,4132,"JUSTICE, SUPREME COURT, PLACE 9",JULIA MALDONADO,DEM,407,173
Gregg County,11/08/2022,General,105,63,9,4132,"JUDGE, COURT OF CRIMINAL APPEALS, PLACE 5",SCOTT WALKER,REP,1251,367
Gregg County,11/08/2022,General,105,63,9,4132,"JUDGE, COURT OF CRIMINAL APPEALS, PLACE 5",DANA HUFFMAN,DEM,399,174
Gregg County,11/08/2022,General,105,63,9,4132,"JUDGE, COURT OF CRIMINAL APPEALS, PLACE 6","JESSE F. MCCLURE, III",REP,1244,369
Gregg County,11/08/2022,General,105,63,9,4132,"JUDGE, COURT OF CRIMINAL APPEALS, PLACE 6",ROBERT JOHNSON,DEM,399,170
Gregg County,11/08/2022,General,105,63,9,4132,COUNTY TAX ASSESSOR-COLLECTOR - UNEXPIRED TERM,MICHELLE TERRY,REP,1277,381
Gregg County,11/08/2022,General,105,63,9,4132,COUNTY TAX ASSESSOR-COLLECTOR - UNEXPIRED TERM,KEETH JOHNSON,DEM,370,160
Gregg County,11/08/2022,General,105,63,10,4890,U.S. REPRESENTATIVE DISTRICT 1,NATHANIEL MORAN,REP,726,333
Gregg County,11/08/2022,General,105,63,10,4890,U.S. REPRESENTATIVE DISTRICT 1,JRMAR (JJ) JEFFERSON,DEM,338,204
Gregg County,11/08/2022,General,105,63,10,4890,GOVERNOR,GREG ABBOTT,REP,723,328
Gregg County,11/08/2022,General,105,63,10,4890,GOVERNOR,BETO O'ROURKE,DEM,339,203
Gregg County,11/08/2022,General,105,63,10,4890,GOVERNOR,MARK TIPPETTS,LIB,5,5
Gregg County,11/08/2022,General,105,63,10,4890,GOVERNOR,DELILAH BARRIOS,GRN,5,3
Gregg County,11/08/2022,General,105,63,10,4890,GOVERNOR,JACQUELINE ABERNATHY,,0,0
Gregg County,11/08/2022,General,105,63,10,4890,GOVERNOR,MARK V. GOLOBY,,0,0
Gregg County,11/08/2022,General,105,63,10,4890,GOVERNOR,Rejected write-ins,,0,0
Gregg County,11/08/2022,General,105,63,10,4890,GOVERNOR,Unassigned write-ins,,0,0
Gregg County,11/08/2022,General,105,63,10,4890,LIEUTENANT GOVERNOR,DAN PATRICK,REP,713,325
Gregg County,11/08/2022,General,105,63,10,4890,LIEUTENANT GOVERNOR,MIKE COLLIER,DEM,332,191
Gregg County,11/08/2022,General,105,63,10,4890,LIEUTENANT GOVERNOR,SHANNA STEELE,LIB,26,20
Gregg County,11/08/2022,General,105,63,10,4890,ATTORNEY GENERAL,KEN PAXTON,REP,714,325
Gregg County,11/08/2022,General,105,63,10,4890,ATTORNEY GENERAL,ROCHELLE MERCEDES GARZA,DEM,336,194
Gregg County,11/08/2022,General,105,63,10,4890,ATTORNEY GENERAL,MARK ASH,LIB,21,15
Gregg County,11/08/2022,General,105,63,10,4890,COMPTROLLER OF PUBLIC ACCOUNTS,GLENN HEGAR,REP,724,328
Gregg County,11/08/2022,General,105,63,10,4890,COMPTROLLER OF PUBLIC ACCOUNTS,JANET T. DUDDING,DEM,324,189
Gregg County,11/08/2022,General,105,63,10,4890,COMPTROLLER OF PUBLIC ACCOUNTS,V. ALONZO ECHEVARRIA-GARZA,LIB,19,18
Gregg County,11/08/2022,General,105,63,10,4890,COMMISSIONER OF THE GENERAL LAND OFFICE,DAWN BUCKINGHAM,REP,703,329
Gregg County,11/08/2022,General,105,63,10,4890,COMMISSIONER OF THE GENERAL LAND OFFICE,JAY KLEBERG,DEM,350,191
Gregg County,11/08/2022,General,105,63,10,4890,COMMISSIONER OF THE GENERAL LAND OFFICE,"ALFRED MOLISON, JR",LIB,11,16
Gregg County,11/08/2022,General,105,63,10,4890,COMMISSIONER OF THE GENERAL LAND OFFICE,CARRIE EVELYN MENGER,,0,0
Gregg County,11/08/2022,General,105,63,10,4890,COMMISSIONER OF THE GENERAL LAND OFFICE,Rejected write-ins,,0,0
Gregg County,11/08/2022,General,105,63,10,4890,COMMISSIONER OF THE GENERAL LAND OFFICE,Unassigned write-ins,,0,0
Gregg County,11/08/2022,General,105,63,10,4890,COMMISSIONER OF AGRICULTURE,SID MILLER,REP,722,336
Gregg County,11/08/2022,General,105,63,10,4890,COMMISSIONER OF AGRICULTURE,SUSAN HAYS,DEM,339,199
Gregg County,11/08/2022,General,105,63,10,4890,RAILROAD COMMISSIONER,WAYNE CHRISTIAN,REP,719,325
Gregg County,11/08/2022,General,105,63,10,4890,RAILROAD COMMISSIONER,LUKE WARFORD,DEM,323,180
Gregg County,11/08/2022,General,105,63,10,4890,RAILROAD COMMISSIONER,JAIME ANDRES DIEZ,LIB,13,18
Gregg County,11/08/2022,General,105,63,10,4890,RAILROAD COMMISSIONER,HUNTER WAYNE CROW,GRN,9,12
Gregg County,11/08/2022,General,105,63,10,4890,"JUSTICE, SUPREME COURT, PLACE 3",DEBRA LEHRMANN,REP,720,328
Gregg County,11/08/2022,General,105,63,10,4890,"JUSTICE, SUPREME COURT, PLACE 3",ERIN A NOWELL,DEM,329,191
Gregg County,11/08/2022,General,105,63,10,4890,"JUSTICE, SUPREME COURT, PLACE 3",THOMAS EDWARD OXFORD,LIB,16,17
Gregg County,11/08/2022,General,105,63,10,4890,"JUSTICE, SUPREME COURT, PLACE 5",REBECA HUDDLE,REP,722,334
Gregg County,11/08/2022,General,105,63,10,4890,"JUSTICE, SUPREME COURT, PLACE 5",AMANDA REICHEK,DEM,342,200
Gregg County,11/08/2022,General,105,63,10,4890,"JUSTICE, SUPREME COURT, PLACE 9",EVAN YOUNG,REP,721,332
Gregg County,11/08/2022,General,105,63,10,4890,"JUSTICE, SUPREME COURT, PLACE 9",JULIA MALDONADO,DEM,341,199
Gregg County,11/08/2022,General,105,63,10,4890,"JUDGE, COURT OF CRIMINAL APPEALS, PLACE 5",SCOTT WALKER,REP,717,335
Gregg County,11/08/2022,General,105,63,10,4890,"JUDGE, COURT OF CRIMINAL APPEALS, PLACE 5",DANA HUFFMAN,DEM,345,198
Gregg County,11/08/2022,General,105,63,10,4890,"JUDGE, COURT OF CRIMINAL APPEALS, PLACE 6","JESSE F. MCCLURE, III",REP,712,334
Gregg County,11/08/2022,General,105,63,10,4890,"JUDGE, COURT OF CRIMINAL APPEALS, PLACE 6",ROBERT JOHNSON,DEM,342,197
Gregg County,11/08/2022,General,105,63,10,4890,COUNTY TAX ASSESSOR-COLLECTOR - UNEXPIRED TERM,MICHELLE TERRY,REP,725,343
Gregg County,11/08/2022,General,105,63,10,4890,COUNTY TAX ASSESSOR-COLLECTOR - UNEXPIRED TERM,KEETH JOHNSON,DEM,326,189
Gregg County,11/08/2022,General,105,63,11,4460,U.S. REPRESENTATIVE DISTRICT 1,NATHANIEL MORAN,REP,1086,483
Gregg County,11/08/2022,General,105,63,11,4460,U.S. REPRESENTATIVE DISTRICT 1,JRMAR (JJ) JEFFERSON,DEM,297,159
Gregg County,11/08/2022,General,105,63,11,4460,GOVERNOR,GREG ABBOTT,REP,1092,481
Gregg County,11/08/2022,General,105,63,11,4460,GOVERNOR,BETO O'ROURKE,DEM,290,155
Gregg County,11/08/2022,General,105,63,11,4460,GOVERNOR,MARK TIPPETTS,LIB,6,6
Gregg County,11/08/2022,General,105,63,11,4460,GOVERNOR,DELILAH BARRIOS,GRN,5,3
Gregg County,11/08/2022,General,105,63,11,4460,GOVERNOR,JACQUELINE ABERNATHY,,0,0
Gregg County,11/08/2022,General,105,63,11,4460,GOVERNOR,MARK V. GOLOBY,,0,0
Gregg County,11/08/2022,General,105,63,11,4460,GOVERNOR,Rejected write-ins,,0,0
Gregg County,11/08/2022,General,105,63,11,4460,GOVERNOR,Unassigned write-ins,,0,0
Gregg County,11/08/2022,General,105,63,11,4460,LIEUTENANT GOVERNOR,DAN PATRICK,REP,1057,464
Gregg County,11/08/2022,General,105,63,11,4460,LIEUTENANT GOVERNOR,MIKE COLLIER,DEM,300,158
Gregg County,11/08/2022,General,105,63,11,4460,LIEUTENANT GOVERNOR,SHANNA STEELE,LIB,27,22
Gregg County,11/08/2022,General,105,63,11,4460,ATTORNEY GENERAL,KEN PAXTON,REP,1057,464
Gregg County,11/08/2022,General,105,63,11,4460,ATTORNEY GENERAL,ROCHELLE MERCEDES GARZA,DEM,304,155
Gregg County,11/08/2022,General,105,63,11,4460,ATTORNEY GENERAL,MARK ASH,LIB,20,23
Gregg County,11/08/2022,General,105,63,11,4460,COMPTROLLER OF PUBLIC ACCOUNTS,GLENN HEGAR,REP,1073,480
Gregg County,11/08/2022,General,105,63,11,4460,COMPTROLLER OF PUBLIC ACCOUNTS,JANET T. DUDDING,DEM,275,145
Gregg County,11/08/2022,General,105,63,11,4460,COMPTROLLER OF PUBLIC ACCOUNTS,V. ALONZO ECHEVARRIA-GARZA,LIB,29,17
Gregg County,11/08/2022,General,105,63,11,4460,COMMISSIONER OF THE GENERAL LAND OFFICE,DAWN BUCKINGHAM,REP,1063,473
Gregg County,11/08/2022,General,105,63,11,4460,COMMISSIONER OF THE GENERAL LAND OFFICE,JAY KLEBERG,DEM,296,150
Gregg County,11/08/2022,General,105,63,11,4460,COMMISSIONER OF THE GENERAL LAND OFFICE,"ALFRED MOLISON, JR",LIB,18,19
Gregg County,11/08/2022,General,105,63,11,4460,COMMISSIONER OF THE GENERAL LAND OFFICE,CARRIE EVELYN MENGER,,1,0
Gregg County,11/08/2022,General,105,63,11,4460,COMMISSIONER OF THE GENERAL LAND OFFICE,Rejected write-ins,,0,0
Gregg County,11/08/2022,General,105,63,11,4460,COMMISSIONER OF THE GENERAL LAND OFFICE,Unassigned write-ins,,0,0
Gregg County,11/08/2022,General,105,63,11,4460,COMMISSIONER OF AGRICULTURE,SID MILLER,REP,1080,487
Gregg County,11/08/2022,General,105,63,11,4460,COMMISSIONER OF AGRICULTURE,SUSAN HAYS,DEM,301,152
Gregg County,11/08/2022,General,105,63,11,4460,RAILROAD COMMISSIONER,WAYNE CHRISTIAN,REP,1075,484
Gregg County,11/08/2022,General,105,63,11,4460,RAILROAD COMMISSIONER,LUKE WARFORD,DEM,275,136
Gregg County,11/08/2022,General,105,63,11,4460,RAILROAD COMMISSIONER,JAIME ANDRES DIEZ,LIB,26,16
Gregg County,11/08/2022,General,105,63,11,4460,RAILROAD COMMISSIONER,HUNTER WAYNE CROW,GRN,5,6
Gregg County,11/08/2022,General,105,63,11,4460,"JUSTICE, SUPREME COURT, PLACE 3",DEBRA LEHRMANN,REP,1066,481
Gregg County,11/08/2022,General,105,63,11,4460,"JUSTICE, SUPREME COURT, PLACE 3",ERIN A NOWELL,DEM,289,147
Gregg County,11/08/2022,General,105,63,11,4460,"JUSTICE, SUPREME COURT, PLACE 3",THOMAS EDWARD OXFORD,LIB,20,14
Gregg County,11/08/2022,General,105,63,11,4460,"JUSTICE, SUPREME COURT, PLACE 5",REBECA HUDDLE,REP,1082,487
Gregg County,11/08/2022,General,105,63,11,4460,"JUSTICE, SUPREME COURT, PLACE 5",AMANDA REICHEK,DEM,295,156
Gregg County,11/08/2022,General,105,63,11,4460,"JUSTICE, SUPREME COURT, PLACE 9",EVAN YOUNG,REP,1078,480
Gregg County,11/08/2022,General,105,63,11,4460,"JUSTICE, SUPREME COURT, PLACE 9",JULIA MALDONADO,DEM,301,157
Gregg County,11/08/2022,General,105,63,11,4460,"JUDGE, COURT OF CRIMINAL APPEALS, PLACE 5",SCOTT WALKER,REP,1079,490
Gregg County,11/08/2022,General,105,63,11,4460,"JUDGE, COURT OF CRIMINAL APPEALS, PLACE 5",DANA HUFFMAN,DEM,297,153
Gregg County,11/08/2022,General,105,63,11,4460,"JUDGE, COURT OF CRIMINAL APPEALS, PLACE 6","JESSE F. MCCLURE, III",REP,1083,486
Gregg County,11/08/2022,General,105,63,11,4460,"JUDGE, COURT OF CRIMINAL APPEALS, PLACE 6",ROBERT JOHNSON,DEM,294,154
Gregg County,11/08/2022,General,105,63,11,4460,COUNTY TAX ASSESSOR-COLLECTOR - UNEXPIRED TERM,MICHELLE TERRY,REP,1104,494
Gregg County,11/08/2022,General,105,63,11,4460,COUNTY TAX ASSESSOR-COLLECTOR - UNEXPIRED TERM,KEETH JOHNSON,DEM,272,146
Gregg County,11/08/2022,General,105,63,12,4714,U.S. REPRESENTATIVE DISTRICT 1,NATHANIEL MORAN,REP,1503,596
Gregg County,11/08/2022,General,105,63,12,4714,U.S. REPRESENTATIVE DISTRICT 1,JRMAR (JJ) JEFFERSON,DEM,167,75
Gregg County,11/08/2022,General,105,63,12,4714,GOVERNOR,GREG ABBOTT,REP,1500,584
Gregg County,11/08/2022,General,105,63,12,4714,GOVERNOR,BETO O'ROURKE,DEM,178,79
Gregg County,11/08/2022,General,105,63,12,4714,GOVERNOR,MARK TIPPETTS,LIB,2,7
Gregg County,11/08/2022,General,105,63,12,4714,GOVERNOR,DELILAH BARRIOS,GRN,2,2
Gregg County,11/08/2022,General,105,63,12,4714,GOVERNOR,JACQUELINE ABERNATHY,,0,0
Gregg County,11/08/2022,General,105,63,12,4714,GOVERNOR,MARK V. GOLOBY,,0,0
Gregg County,11/08/2022,General,105,63,12,4714,GOVERNOR,Rejected write-ins,,1,1
Gregg County,11/08/2022,General,105,63,12,4714,GOVERNOR,Unassigned write-ins,,0,0
Gregg County,11/08/2022,General,105,63,12,4714,LIEUTENANT GOVERNOR,DAN PATRICK,REP,1468,576
Gregg County,11/08/2022,General,105,63,12,4714,LIEUTENANT GOVERNOR,MIKE COLLIER,DEM,188,76
Gregg County,11/08/2022,General,105,63,12,4714,LIEUTENANT GOVERNOR,SHANNA STEELE,LIB,24,21
Gregg County,11/08/2022,General,105,63,12,4714,ATTORNEY GENERAL,KEN PAXTON,REP,1460,574
Gregg County,11/08/2022,General,105,63,12,4714,ATTORNEY GENERAL,ROCHELLE MERCEDES GARZA,DEM,187,82
Gregg County,11/08/2022,General,105,63,12,4714,ATTORNEY GENERAL,MARK ASH,LIB,28,16
Gregg County,11/08/2022,General,105,63,12,4714,COMPTROLLER OF PUBLIC ACCOUNTS,GLENN HEGAR,REP,1485,591
Gregg County,11/08/2022,General,105,63,12,4714,COMPTROLLER OF PUBLIC ACCOUNTS,JANET T. DUDDING,DEM,165,66
Gregg County,11/08/2022,General,105,63,12,4714,COMPTROLLER OF PUBLIC ACCOUNTS,V. ALONZO ECHEVARRIA-GARZA,LIB,19,12
Gregg County,11/08/2022,General,105,63,12,4714,COMMISSIONER OF THE GENERAL LAND OFFICE,DAWN BUCKINGHAM,REP,1466,580
Gregg County,11/08/2022,General,105,63,12,4714,COMMISSIONER OF THE GENERAL LAND OFFICE,JAY KLEBERG,DEM,195,76
Gregg County,11/08/2022,General,105,63,12,4714,COMMISSIONER OF THE GENERAL LAND OFFICE,"ALFRED MOLISON, JR",LIB,11,11
Gregg County,11/08/2022,General,105,63,12,4714,COMMISSIONER OF THE GENERAL LAND OFFICE,CARRIE EVELYN MENGER,,0,0
Gregg County,11/08/2022,General,105,63,12,4714,COMMISSIONER OF THE GENERAL LAND OFFICE,Rejected write-ins,,0,1
Gregg County,11/08/2022,General,105,63,12,4714,COMMISSIONER OF THE GENERAL LAND OFFICE,Unassigned write-ins,,0,0
Gregg County,11/08/2022,General,105,63,12,4714,COMMISSIONER OF AGRICULTURE,SID MILLER,REP,1491,593
Gregg County,11/08/2022,General,105,63,12,4714,COMMISSIONER OF AGRICULTURE,SUSAN HAYS,DEM,180,77
Gregg County,11/08/2022,General,105,63,12,4714,RAILROAD COMMISSIONER,WAYNE CHRISTIAN,REP,1484,585
Gregg County,11/08/2022,General,105,63,12,4714,RAILROAD COMMISSIONER,LUKE WARFORD,DEM,165,65
Gregg County,11/08/2022,General,105,63,12,4714,RAILROAD COMMISSIONER,JAIME ANDRES DIEZ,LIB,13,10
Gregg County,11/08/2022,General,105,63,12,4714,RAILROAD COMMISSIONER,HUNTER WAYNE CROW,GRN,7,8
Gregg County,11/08/2022,General,105,63,12,4714,"JUSTICE, SUPREME COURT, PLACE 3",DEBRA LEHRMANN,REP,1474,581
Gregg County,11/08/2022,General,105,63,12,4714,"JUSTICE, SUPREME COURT, PLACE 3",ERIN A NOWELL,DEM,175,74
Gregg County,11/08/2022,General,105,63,12,4714,"JUSTICE, SUPREME COURT, PLACE 3",THOMAS EDWARD OXFORD,LIB,18,12
Gregg County,11/08/2022,General,105,63,12,4714,"JUSTICE, SUPREME COURT, PLACE 5",REBECA HUDDLE,REP,1491,588
Gregg County,11/08/2022,General,105,63,12,4714,"JUSTICE, SUPREME COURT, PLACE 5",AMANDA REICHEK,DEM,177,78
Gregg County,11/08/2022,General,105,63,12,4714,"JUSTICE, SUPREME COURT, PLACE 9",EVAN YOUNG,REP,1488,587
Gregg County,11/08/2022,General,105,63,12,4714,"JUSTICE, SUPREME COURT, PLACE 9",JULIA MALDONADO,DEM,180,78
Gregg County,11/08/2022,General,105,63,12,4714,"JUDGE, COURT OF CRIMINAL APPEALS, PLACE 5",SCOTT WALKER,REP,1495,593
Gregg County,11/08/2022,General,105,63,12,4714,"JUDGE, COURT OF CRIMINAL APPEALS, PLACE 5",DANA HUFFMAN,DEM,179,76
Gregg County,11/08/2022,General,105,63,12,4714,"JUDGE, COURT OF CRIMINAL APPEALS, PLACE 6","JESSE F. MCCLURE, III",REP,1493,593
Gregg County,11/08/2022,General,105,63,12,4714,"JUDGE, COURT OF CRIMINAL APPEALS, PLACE 6",ROBERT JOHNSON,DEM,178,75
Gregg County,11/08/2022,General,105,63,12,4714,COUNTY TAX ASSESSOR-COLLECTOR - UNEXPIRED TERM,MICHELLE TERRY,REP,1509,598
Gregg County,11/08/2022,General,105,63,12,4714,COUNTY TAX ASSESSOR-COLLECTOR - UNEXPIRED TERM,KEETH JOHNSON,DEM,162,72
Gregg County,11/08/2022,General,105,63,13,3296,U.S. REPRESENTATIVE DISTRICT 1,NATHANIEL MORAN,REP,615,449
Gregg County,11/08/2022,General,105,63,13,3296,U.S. REPRESENTATIVE DISTRICT 1,JRMAR (JJ) JEFFERSON,DEM,128,132
Gregg County,11/08/2022,General,105,63,13,3296,GOVERNOR,GREG ABBOTT,REP,618,445
Gregg County,11/08/2022,General,105,63,13,3296,GOVERNOR,BETO O'ROURKE,DEM,131,124
Gregg County,11/08/2022,General,105,63,13,3296,GOVERNOR,MARK TIPPETTS,LIB,3,7
Gregg County,11/08/2022,General,105,63,13,3296,GOVERNOR,DELILAH BARRIOS,GRN,0,5
Gregg County,11/08/2022,General,105,63,13,3296,GOVERNOR,JACQUELINE ABERNATHY,,1,0
Gregg County,11/08/2022,General,105,63,13,3296,GOVERNOR,MARK V. GOLOBY,,0,0
Gregg County,11/08/2022,General,105,63,13,3296,GOVERNOR,Rejected write-ins,,0,1
Gregg County,11/08/2022,General,105,63,13,3296,GOVERNOR,Unassigned write-ins,,0,0
Gregg County,11/08/2022,General,105,63,13,3296,LIEUTENANT GOVERNOR,DAN PATRICK,REP,607,435
Gregg County,11/08/2022,General,105,63,13,3296,LIEUTENANT GOVERNOR,MIKE COLLIER,DEM,131,122
Gregg County,11/08/2022,General,105,63,13,3296,LIEUTENANT GOVERNOR,SHANNA STEELE,LIB,13,20
Gregg County,11/08/2022,General,105,63,13,3296,ATTORNEY GENERAL,KEN PAXTON,REP,610,439
Gregg County,11/08/2022,General,105,63,13,3296,ATTORNEY GENERAL,ROCHELLE MERCEDES GARZA,DEM,125,125
Gregg County,11/08/2022,General,105,63,13,3296,ATTORNEY GENERAL,MARK ASH,LIB,13,13
Gregg County,11/08/2022,General,105,63,13,3296,COMPTROLLER OF PUBLIC ACCOUNTS,GLENN HEGAR,REP,616,437
Gregg County,11/08/2022,General,105,63,13,3296,COMPTROLLER OF PUBLIC ACCOUNTS,JANET T. DUDDING,DEM,125,127
Gregg County,11/08/2022,General,105,63,13,3296,COMPTROLLER OF PUBLIC ACCOUNTS,V. ALONZO ECHEVARRIA-GARZA,LIB,8,12
Gregg County,11/08/2022,General,105,63,13,3296,COMMISSIONER OF THE GENERAL LAND OFFICE,DAWN BUCKINGHAM,REP,601,431
Gregg County,11/08/2022,General,105,63,13,3296,COMMISSIONER OF THE GENERAL LAND OFFICE,JAY KLEBERG,DEM,132,134
Gregg County,11/08/2022,General,105,63,13,3296,COMMISSIONER OF THE GENERAL LAND OFFICE,"ALFRED MOLISON, JR",LIB,14,9
Gregg County,11/08/2022,General,105,63,13,3296,COMMISSIONER OF THE GENERAL LAND OFFICE,CARRIE EVELYN MENGER,,0,0
Gregg County,11/08/2022,General,105,63,13,3296,COMMISSIONER OF THE GENERAL LAND OFFICE,Rejected write-ins,,0,1
Gregg County,11/08/2022,General,105,63,13,3296,COMMISSIONER OF THE GENERAL LAND OFFICE,Unassigned write-ins,,0,0
Gregg County,11/08/2022,General,105,63,13,3296,COMMISSIONER OF AGRICULTURE,SID MILLER,REP,612,439
Gregg County,11/08/2022,General,105,63,13,3296,COMMISSIONER OF AGRICULTURE,SUSAN HAYS,DEM,134,137
Gregg County,11/08/2022,General,105,63,13,3296,RAILROAD COMMISSIONER,WAYNE CHRISTIAN,REP,606,438
Gregg County,11/08/2022,General,105,63,13,3296,RAILROAD COMMISSIONER,LUKE WARFORD,DEM,122,123
Gregg County,11/08/2022,General,105,63,13,3296,RAILROAD COMMISSIONER,JAIME ANDRES DIEZ,LIB,11,9
Gregg County,11/08/2022,General,105,63,13,3296,RAILROAD COMMISSIONER,HUNTER WAYNE CROW,GRN,5,6
Gregg County,11/08/2022,General,105,63,13,3296,"JUSTICE, SUPREME COURT, PLACE 3",DEBRA LEHRMANN,REP,614,433
Gregg County,11/08/2022,General,105,63,13,3296,"JUSTICE, SUPREME COURT, PLACE 3",ERIN A NOWELL,DEM,127,128
Gregg County,11/08/2022,General,105,63,13,3296,"JUSTICE, SUPREME COURT, PLACE 3",THOMAS EDWARD OXFORD,LIB,8,12
Gregg County,11/08/2022,General,105,63,13,3296,"JUSTICE, SUPREME COURT, PLACE 5",REBECA HUDDLE,REP,618,444
Gregg County,11/08/2022,General,105,63,13,3296,"JUSTICE, SUPREME COURT, PLACE 5",AMANDA REICHEK,DEM,129,135
Gregg County,11/08/2022,General,105,63,13,3296,"JUSTICE, SUPREME COURT, PLACE 9",EVAN YOUNG,REP,617,442
Gregg County,11/08/2022,General,105,63,13,3296,"JUSTICE, SUPREME COURT, PLACE 9",JULIA MALDONADO,DEM,130,132
Gregg County,11/08/2022,General,105,63,13,3296,"JUDGE, COURT OF CRIMINAL APPEALS, PLACE 5",SCOTT WALKER,REP,612,446
Gregg County,11/08/2022,General,105,63,13,3296,"JUDGE, COURT OF CRIMINAL APPEALS, PLACE 5",DANA HUFFMAN,DEM,134,134
Gregg County,11/08/2022,General,105,63,13,3296,"JUDGE, COURT OF CRIMINAL APPEALS, PLACE 6","JESSE F. MCCLURE, III",REP,613,443
Gregg County,11/08/2022,General,105,63,13,3296,"JUDGE, COURT OF CRIMINAL APPEALS, PLACE 6",ROBERT JOHNSON,DEM,135,135
Gregg County,11/08/2022,General,105,63,13,3296,COUNTY TAX ASSESSOR-COLLECTOR - UNEXPIRED TERM,MICHELLE TERRY,REP,618,448
Gregg County,11/08/2022,General,105,63,13,3296,COUNTY TAX ASSESSOR-COLLECTOR - UNEXPIRED TERM,KEETH JOHNSON,DEM,128,129
Gregg County,11/08/2022,General,105,63,14,4696,U.S. REPRESENTATIVE DISTRICT 1,NATHANIEL MORAN,REP,1422,627
Gregg County,11/08/2022,General,105,63,14,4696,U.S. REPRESENTATIVE DISTRICT 1,JRMAR (JJ) JEFFERSON,DEM,228,88
Gregg County,11/08/2022,General,105,63,14,4696,GOVERNOR,GREG ABBOTT,REP,1410,626
Gregg County,11/08/2022,General,105,63,14,4696,GOVERNOR,BETO O'ROURKE,DEM,230,79
Gregg County,11/08/2022,General,105,63,14,4696,GOVERNOR,MARK TIPPETTS,LIB,7,8
Gregg County,11/08/2022,General,105,63,14,4696,GOVERNOR,DELILAH BARRIOS,GRN,3,3
Gregg County,11/08/2022,General,105,63,14,4696,GOVERNOR,JACQUELINE ABERNATHY,,2,0
Gregg County,11/08/2022,General,105,63,14,4696,GOVERNOR,MARK V. GOLOBY,,0,0
Gregg County,11/08/2022,General,105,63,14,4696,GOVERNOR,Rejected write-ins,,0,0
Gregg County,11/08/2022,General,105,63,14,4696,GOVERNOR,Unassigned write-ins,,0,0
Gregg County,11/08/2022,General,105,63,14,4696,LIEUTENANT GOVERNOR,DAN PATRICK,REP,1398,617
Gregg County,11/08/2022,General,105,63,14,4696,LIEUTENANT GOVERNOR,MIKE COLLIER,DEM,232,78
Gregg County,11/08/2022,General,105,63,14,4696,LIEUTENANT GOVERNOR,SHANNA STEELE,LIB,20,17
Gregg County,11/08/2022,General,105,63,14,4696,ATTORNEY GENERAL,KEN PAXTON,REP,1387,618
Gregg County,11/08/2022,General,105,63,14,4696,ATTORNEY GENERAL,ROCHELLE MERCEDES GARZA,DEM,242,74
Gregg County,11/08/2022,General,105,63,14,4696,ATTORNEY GENERAL,MARK ASH,LIB,17,21
Gregg County,11/08/2022,General,105,63,14,4696,COMPTROLLER OF PUBLIC ACCOUNTS,GLENN HEGAR,REP,1410,627
Gregg County,11/08/2022,General,105,63,14,4696,COMPTROLLER OF PUBLIC ACCOUNTS,JANET T. DUDDING,DEM,227,69
Gregg County,11/08/2022,General,105,63,14,4696,COMPTROLLER OF PUBLIC ACCOUNTS,V. ALONZO ECHEVARRIA-GARZA,LIB,11,16
Gregg County,11/08/2022,General,105,63,14,4696,COMMISSIONER OF THE GENERAL LAND OFFICE,DAWN BUCKINGHAM,REP,1379,615
Gregg County,11/08/2022,General,105,63,14,4696,COMMISSIONER OF THE GENERAL LAND OFFICE,JAY KLEBERG,DEM,247,78
Gregg County,11/08/2022,General,105,63,14,4696,COMMISSIONER OF THE GENERAL LAND OFFICE,"ALFRED MOLISON, JR",LIB,17,16
Gregg County,11/08/2022,General,105,63,14,4696,COMMISSIONER OF THE GENERAL LAND OFFICE,CARRIE EVELYN MENGER,,1,0
Gregg County,11/08/2022,General,105,63,14,4696,COMMISSIONER OF THE GENERAL LAND OFFICE,Rejected write-ins,,0,0
Gregg County,11/08/2022,General,105,63,14,4696,COMMISSIONER OF THE GENERAL LAND OFFICE,Unassigned write-ins,,0,0
Gregg County,11/08/2022,General,105,63,14,4696,COMMISSIONER OF AGRICULTURE,SID MILLER,REP,1407,631
Gregg County,11/08/2022,General,105,63,14,4696,COMMISSIONER OF AGRICULTURE,SUSAN HAYS,DEM,239,79
Gregg County,11/08/2022,General,105,63,14,4696,RAILROAD COMMISSIONER,WAYNE CHRISTIAN,REP,1394,622
Gregg County,11/08/2022,General,105,63,14,4696,RAILROAD COMMISSIONER,LUKE WARFORD,DEM,221,72
Gregg County,11/08/2022,General,105,63,14,4696,RAILROAD COMMISSIONER,JAIME ANDRES DIEZ,LIB,14,14
Gregg County,11/08/2022,General,105,63,14,4696,RAILROAD COMMISSIONER,HUNTER WAYNE CROW,GRN,10,5
Gregg County,11/08/2022,General,105,63,14,4696,"JUSTICE, SUPREME COURT, PLACE 3",DEBRA LEHRMANN,REP,1389,623
Gregg County,11/08/2022,General,105,63,14,4696,"JUSTICE, SUPREME COURT, PLACE 3",ERIN A NOWELL,DEM,235,73
Gregg County,11/08/2022,General,105,63,14,4696,"JUSTICE, SUPREME COURT, PLACE 3",THOMAS EDWARD OXFORD,LIB,14,15
Gregg County,11/08/2022,General,105,63,14,4696,"JUSTICE, SUPREME COURT, PLACE 5",REBECA HUDDLE,REP,1402,631
Gregg County,11/08/2022,General,105,63,14,4696,"JUSTICE, SUPREME COURT, PLACE 5",AMANDA REICHEK,DEM,232,79
Gregg County,11/08/2022,General,105,63,14,4696,"JUSTICE, SUPREME COURT, PLACE 9",EVAN YOUNG,REP,1402,633
Gregg County,11/08/2022,General,105,63,14,4696,"JUSTICE, SUPREME COURT, PLACE 9",JULIA MALDONADO,DEM,235,80
Gregg County,11/08/2022,General,105,63,14,4696,"JUDGE, COURT OF CRIMINAL APPEALS, PLACE 5",SCOTT WALKER,REP,1411,631
Gregg County,11/08/2022,General,105,63,14,4696,"JUDGE, COURT OF CRIMINAL APPEALS, PLACE 5",DANA HUFFMAN,DEM,233,79
Gregg County,11/08/2022,General,105,63,14,4696,"JUDGE, COURT OF CRIMINAL APPEALS, PLACE 6","JESSE F. MCCLURE, III",REP,1396,635
Gregg County,11/08/2022,General,105,63,14,4696,"JUDGE, COURT OF CRIMINAL APPEALS, PLACE 6",ROBERT JOHNSON,DEM,236,77
Gregg County,11/08/2022,General,105,63,14,4696,COUNTY TAX ASSESSOR-COLLECTOR - UNEXPIRED TERM,MICHELLE TERRY,REP,1421,638
Gregg County,11/08/2022,General,105,63,14,4696,COUNTY TAX ASSESSOR-COLLECTOR - UNEXPIRED TERM,KEETH JOHNSON,DEM,217,73
Gregg County,11/08/2022,General,105,63,15,1566,U.S. REPRESENTATIVE DISTRICT 1,NATHANIEL MORAN,REP,230,131
Gregg County,11/08/2022,General,105,63,15,1566,U.S. REPRESENTATIVE DISTRICT 1,JRMAR (JJ) JEFFERSON,DEM,67,68
Gregg County,11/08/2022,General,105,63,15,1566,GOVERNOR,GREG ABBOTT,REP,228,132
Gregg County,11/08/2022,General,105,63,15,1566,GOVERNOR,BETO O'ROURKE,DEM,66,67
Gregg County,11/08/2022,General,105,63,15,1566,GOVERNOR,MARK TIPPETTS,LIB,1,1
Gregg County,11/08/2022,General,105,63,15,1566,GOVERNOR,DELILAH BARRIOS,GRN,1,1
Gregg County,11/08/2022,General,105,63,15,1566,GOVERNOR,JACQUELINE ABERNATHY,,0,0
Gregg County,11/08/2022,General,105,63,15,1566,GOVERNOR,MARK V. GOLOBY,,0,0
Gregg County,11/08/2022,General,105,63,15,1566,GOVERNOR,Rejected write-ins,,0,0
Gregg County,11/08/2022,General,105,63,15,1566,GOVERNOR,Unassigned write-ins,,0,0
Gregg County,11/08/2022,General,105,63,15,1566,LIEUTENANT GOVERNOR,DAN PATRICK,REP,227,130
Gregg County,11/08/2022,General,105,63,15,1566,LIEUTENANT GOVERNOR,MIKE COLLIER,DEM,66,67
Gregg County,11/08/2022,General,105,63,15,1566,LIEUTENANT GOVERNOR,SHANNA STEELE,LIB,4,4
Gregg County,11/08/2022,General,105,63,15,1566,ATTORNEY GENERAL,KEN PAXTON,REP,219,130
Gregg County,11/08/2022,General,105,63,15,1566,ATTORNEY GENERAL,ROCHELLE MERCEDES GARZA,DEM,70,67
Gregg County,11/08/2022,General,105,63,15,1566,ATTORNEY GENERAL,MARK ASH,LIB,6,3
Gregg County,11/08/2022,General,105,63,15,1566,COMPTROLLER OF PUBLIC ACCOUNTS,GLENN HEGAR,REP,224,134
Gregg County,11/08/2022,General,105,63,15,1566,COMPTROLLER OF PUBLIC ACCOUNTS,JANET T. DUDDING,DEM,67,62
Gregg County,11/08/2022,General,105,63,15,1566,COMPTROLLER OF PUBLIC ACCOUNTS,V. ALONZO ECHEVARRIA-GARZA,LIB,5,4
Gregg County,11/08/2022,General,105,63,15,1566,COMMISSIONER OF THE GENERAL LAND OFFICE,DAWN BUCKINGHAM,REP,221,133
Gregg County,11/08/2022,General,105,63,15,1566,COMMISSIONER OF THE GENERAL LAND OFFICE,JAY KLEBERG,DEM,71,64
Gregg County,11/08/2022,General,105,63,15,1566,COMMISSIONER OF THE GENERAL LAND OFFICE,"ALFRED MOLISON, JR",LIB,3,3
Gregg County,11/08/2022,General,105,63,15,1566,COMMISSIONER OF THE GENERAL LAND OFFICE,CARRIE EVELYN MENGER,,0,0
Gregg County,11/08/2022,General,105,63,15,1566,COMMISSIONER OF THE GENERAL LAND OFFICE,Rejected write-ins,,0,0
Gregg County,11/08/2022,General,105,63,15,1566,COMMISSIONER OF THE GENERAL LAND OFFICE,Unassigned write-ins,,0,0
Gregg County,11/08/2022,General,105,63,15,1566,COMMISSIONER OF AGRICULTURE,SID MILLER,REP,226,132
Gregg County,11/08/2022,General,105,63,15,1566,COMMISSIONER OF AGRICULTURE,SUSAN HAYS,DEM,70,68
Gregg County,11/08/2022,General,105,63,15,1566,RAILROAD COMMISSIONER,WAYNE CHRISTIAN,REP,222,131
Gregg County,11/08/2022,General,105,63,15,1566,RAILROAD COMMISSIONER,LUKE WARFORD,DEM,64,62
Gregg County,11/08/2022,General,105,63,15,1566,RAILROAD COMMISSIONER,JAIME ANDRES DIEZ,LIB,5,6
Gregg County,11/08/2022,General,105,63,15,1566,RAILROAD COMMISSIONER,HUNTER WAYNE CROW,GRN,3,1
Gregg County,11/08/2022,General,105,63,15,1566,"JUSTICE, SUPREME COURT, PLACE 3",DEBRA LEHRMANN,REP,227,131
Gregg County,11/08/2022,General,105,63,15,1566,"JUSTICE, SUPREME COURT, PLACE 3",ERIN A NOWELL,DEM,67,64
Gregg County,11/08/2022,General,105,63,15,1566,"JUSTICE, SUPREME COURT, PLACE 3",THOMAS EDWARD OXFORD,LIB,2,5
Gregg County,11/08/2022,General,105,63,15,1566,"JUSTICE, SUPREME COURT, PLACE 5",REBECA HUDDLE,REP,228,134
Gregg County,11/08/2022,General,105,63,15,1566,"JUSTICE, SUPREME COURT, PLACE 5",AMANDA REICHEK,DEM,68,66
Gregg County,11/08/2022,General,105,63,15,1566,"JUSTICE, SUPREME COURT, PLACE 9",EVAN YOUNG,REP,226,132
Gregg County,11/08/2022,General,105,63,15,1566,"JUSTICE, SUPREME COURT, PLACE 9",JULIA MALDONADO,DEM,70,67
Gregg County,11/08/2022,General,105,63,15,1566,"JUDGE, COURT OF CRIMINAL APPEALS, PLACE 5",SCOTT WALKER,REP,226,133
Gregg County,11/08/2022,General,105,63,15,1566,"JUDGE, COURT OF CRIMINAL APPEALS, PLACE 5",DANA HUFFMAN,DEM,71,65
Gregg County,11/08/2022,General,105,63,15,1566,"JUDGE, COURT OF CRIMINAL APPEALS, PLACE 6","JESSE F. MCCLURE, III",REP,228,135
Gregg County,11/08/2022,General,105,63,15,1566,"JUDGE, COURT OF CRIMINAL APPEALS, PLACE 6",ROBERT JOHNSON,DEM,68,63
Gregg County,11/08/2022,General,105,63,15,1566,COUNTY TAX ASSESSOR-COLLECTOR - UNEXPIRED TERM,MICHELLE TERRY,REP,232,135
Gregg County,11/08/2022,General,105,63,15,1566,COUNTY TAX ASSESSOR-COLLECTOR - UNEXPIRED TERM,KEETH JOHNSON,DEM,63,64
Gregg County,11/08/2022,General,105,63,16,4354,U.S. REPRESENTATIVE DISTRICT 1,NATHANIEL MORAN,REP,1230,509
Gregg County,11/08/2022,General,105,63,16,4354,U.S. REPRESENTATIVE DISTRICT 1,JRMAR (JJ) JEFFERSON,DEM,208,113
Gregg County,11/08/2022,General,105,63,16,4354,GOVERNOR,GREG ABBOTT,REP,1231,508
Gregg County,11/08/2022,General,105,63,16,4354,GOVERNOR,BETO O'ROURKE,DEM,203,105
Gregg County,11/08/2022,General,105,63,16,4354,GOVERNOR,MARK TIPPETTS,LIB,7,6
Gregg County,11/08/2022,General,105,63,16,4354,GOVERNOR,DELILAH BARRIOS,GRN,4,3
Gregg County,11/08/2022,General,105,63,16,4354,GOVERNOR,JACQUELINE ABERNATHY,,0,1
Gregg County,11/08/2022,General,105,63,16,4354,GOVERNOR,MARK V. GOLOBY,,0,0
Gregg County,11/08/2022,General,105,63,16,4354,GOVERNOR,Rejected write-ins,,0,3
Gregg County,11/08/2022,General,105,63,16,4354,GOVERNOR,Unassigned write-ins,,0,0
Gregg County,11/08/2022,General,105,63,16,4354,LIEUTENANT GOVERNOR,DAN PATRICK,REP,1203,494
Gregg County,11/08/2022,General,105,63,16,4354,LIEUTENANT GOVERNOR,MIKE COLLIER,DEM,215,104
Gregg County,11/08/2022,General,105,63,16,4354,LIEUTENANT GOVERNOR,SHANNA STEELE,LIB,23,23
Gregg County,11/08/2022,General,105,63,16,4354,ATTORNEY GENERAL,KEN PAXTON,REP,1178,490
Gregg County,11/08/2022,General,105,63,16,4354,ATTORNEY GENERAL,ROCHELLE MERCEDES GARZA,DEM,218,109
Gregg County,11/08/2022,General,105,63,16,4354,ATTORNEY GENERAL,MARK ASH,LIB,39,22
Gregg County,11/08/2022,General,105,63,16,4354,COMPTROLLER OF PUBLIC ACCOUNTS,GLENN HEGAR,REP,1226,502
Gregg County,11/08/2022,General,105,63,16,4354,COMPTROLLER OF PUBLIC ACCOUNTS,JANET T. DUDDING,DEM,193,104
Gregg County,11/08/2022,General,105,63,16,4354,COMPTROLLER OF PUBLIC ACCOUNTS,V. ALONZO ECHEVARRIA-GARZA,LIB,18,14
Gregg County,11/08/2022,General,105,63,16,4354,COMMISSIONER OF THE GENERAL LAND OFFICE,DAWN BUCKINGHAM,REP,1198,501
Gregg County,11/08/2022,General,105,63,16,4354,COMMISSIONER OF THE GENERAL LAND OFFICE,JAY KLEBERG,DEM,215,102
Gregg County,11/08/2022,General,105,63,16,4354,COMMISSIONER OF THE GENERAL LAND OFFICE,"ALFRED MOLISON, JR",LIB,17,17
Gregg County,11/08/2022,General,105,63,16,4354,COMMISSIONER OF THE GENERAL LAND OFFICE,CARRIE EVELYN MENGER,,0,0
Gregg County,11/08/2022,General,105,63,16,4354,COMMISSIONER OF THE GENERAL LAND OFFICE,Rejected write-ins,,0,0
Gregg County,11/08/2022,General,105,63,16,4354,COMMISSIONER OF THE GENERAL LAND OFFICE,Unassigned write-ins,,0,0
Gregg County,11/08/2022,General,105,63,16,4354,COMMISSIONER OF AGRICULTURE,SID MILLER,REP,1210,510
Gregg County,11/08/2022,General,105,63,16,4354,COMMISSIONER OF AGRICULTURE,SUSAN HAYS,DEM,218,112
Gregg County,11/08/2022,General,105,63,16,4354,RAILROAD COMMISSIONER,WAYNE CHRISTIAN,REP,1219,498
Gregg County,11/08/2022,General,105,63,16,4354,RAILROAD COMMISSIONER,LUKE WARFORD,DEM,187,95
Gregg County,11/08/2022,General,105,63,16,4354,RAILROAD COMMISSIONER,JAIME ANDRES DIEZ,LIB,21,21
Gregg County,11/08/2022,General,105,63,16,4354,RAILROAD COMMISSIONER,HUNTER WAYNE CROW,GRN,7,5
Gregg County,11/08/2022,General,105,63,16,4354,"JUSTICE, SUPREME COURT, PLACE 3",DEBRA LEHRMANN,REP,1215,500
Gregg County,11/08/2022,General,105,63,16,4354,"JUSTICE, SUPREME COURT, PLACE 3",ERIN A NOWELL,DEM,197,102
Gregg County,11/08/2022,General,105,63,16,4354,"JUSTICE, SUPREME COURT, PLACE 3",THOMAS EDWARD OXFORD,LIB,18,18
Gregg County,11/08/2022,General,105,63,16,4354,"JUSTICE, SUPREME COURT, PLACE 5",REBECA HUDDLE,REP,1225,514
Gregg County,11/08/2022,General,105,63,16,4354,"JUSTICE, SUPREME COURT, PLACE 5",AMANDA REICHEK,DEM,202,105
Gregg County,11/08/2022,General,105,63,16,4354,"JUSTICE, SUPREME COURT, PLACE 9",EVAN YOUNG,REP,1212,515
Gregg County,11/08/2022,General,105,63,16,4354,"JUSTICE, SUPREME COURT, PLACE 9",JULIA MALDONADO,DEM,208,105
Gregg County,11/08/2022,General,105,63,16,4354,"JUDGE, COURT OF CRIMINAL APPEALS, PLACE 5",SCOTT WALKER,REP,1221,515
Gregg County,11/08/2022,General,105,63,16,4354,"JUDGE, COURT OF CRIMINAL APPEALS, PLACE 5",DANA HUFFMAN,DEM,203,105
Gregg County,11/08/2022,General,105,63,16,4354,"JUDGE, COURT OF CRIMINAL APPEALS, PLACE 6","JESSE F. MCCLURE, III",REP,1216,513
Gregg County,11/08/2022,General,105,63,16,4354,"JUDGE, COURT OF CRIMINAL APPEALS, PLACE 6",ROBERT JOHNSON,DEM,206,107
Gregg County,11/08/2022,General,105,63,16,4354,COUNTY TAX ASSESSOR-COLLECTOR - UNEXPIRED TERM,MICHELLE TERRY,REP,1243,519
Gregg County,11/08/2022,General,105,63,16,4354,COUNTY TAX ASSESSOR-COLLECTOR - UNEXPIRED TERM,KEETH JOHNSON,DEM,185,102
Gregg County,11/08/2022,General,105,63,17,959,U.S. REPRESENTATIVE DISTRICT 1,NATHANIEL MORAN,REP,105,67
Gregg County,11/08/2022,General,105,63,17,959,U.S. REPRESENTATIVE DISTRICT 1,JRMAR (JJ) JEFFERSON,DEM,88,55
Gregg County,11/08/2022,General,105,63,17,959,GOVERNOR,GREG ABBOTT,REP,103,67
Gregg County,11/08/2022,General,105,63,17,959,GOVERNOR,BETO O'ROURKE,DEM,86,55
Gregg County,11/08/2022,General,105,63,17,959,GOVERNOR,MARK TIPPETTS,LIB,2,1
Gregg County,11/08/2022,General,105,63,17,959,GOVERNOR,DELILAH BARRIOS,GRN,2,0
Gregg County,11/08/2022,General,105,63,17,959,GOVERNOR,JACQUELINE ABERNATHY,,0,0
Gregg County,11/08/2022,General,105,63,17,959,GOVERNOR,MARK V. GOLOBY,,0,0
Gregg County,11/08/2022,General,105,63,17,959,GOVERNOR,Rejected write-ins,,0,0
Gregg County,11/08/2022,General,105,63,17,959,GOVERNOR,Unassigned write-ins,,0,0
Gregg County,11/08/2022,General,105,63,17,959,LIEUTENANT GOVERNOR,DAN PATRICK,REP,100,68
Gregg County,11/08/2022,General,105,63,17,959,LIEUTENANT GOVERNOR,MIKE COLLIER,DEM,84,54
Gregg County,11/08/2022,General,105,63,17,959,LIEUTENANT GOVERNOR,SHANNA STEELE,LIB,6,1
Gregg County,11/08/2022,General,105,63,17,959,ATTORNEY GENERAL,KEN PAXTON,REP,103,67
Gregg County,11/08/2022,General,105,63,17,959,ATTORNEY GENERAL,ROCHELLE MERCEDES GARZA,DEM,88,54
Gregg County,11/08/2022,General,105,63,17,959,ATTORNEY GENERAL,MARK ASH,LIB,2,1
Gregg County,11/08/2022,General,105,63,17,959,COMPTROLLER OF PUBLIC ACCOUNTS,GLENN HEGAR,REP,104,66
Gregg County,11/08/2022,General,105,63,17,959,COMPTROLLER OF PUBLIC ACCOUNTS,JANET T. DUDDING,DEM,85,55
Gregg County,11/08/2022,General,105,63,17,959,COMPTROLLER OF PUBLIC ACCOUNTS,V. ALONZO ECHEVARRIA-GARZA,LIB,3,2
Gregg County,11/08/2022,General,105,63,17,959,COMMISSIONER OF THE GENERAL LAND OFFICE,DAWN BUCKINGHAM,REP,104,64
Gregg County,11/08/2022,General,105,63,17,959,COMMISSIONER OF THE GENERAL LAND OFFICE,JAY KLEBERG,DEM,88,57
Gregg County,11/08/2022,General,105,63,17,959,COMMISSIONER OF THE GENERAL LAND OFFICE,"ALFRED MOLISON, JR",LIB,0,1
Gregg County,11/08/2022,General,105,63,17,959,COMMISSIONER OF THE GENERAL LAND OFFICE,CARRIE EVELYN MENGER,,0,0
Gregg County,11/08/2022,General,105,63,17,959,COMMISSIONER OF THE GENERAL LAND OFFICE,Rejected write-ins,,0,0
Gregg County,11/08/2022,General,105,63,17,959,COMMISSIONER OF THE GENERAL LAND OFFICE,Unassigned write-ins,,0,0
Gregg County,11/08/2022,General,105,63,17,959,COMMISSIONER OF AGRICULTURE,SID MILLER,REP,102,67
Gregg County,11/08/2022,General,105,63,17,959,COMMISSIONER OF AGRICULTURE,SUSAN HAYS,DEM,89,56
Gregg County,11/08/2022,General,105,63,17,959,RAILROAD COMMISSIONER,WAYNE CHRISTIAN,REP,103,67
Gregg County,11/08/2022,General,105,63,17,959,RAILROAD COMMISSIONER,LUKE WARFORD,DEM,85,53
Gregg County,11/08/2022,General,105,63,17,959,RAILROAD COMMISSIONER,JAIME ANDRES DIEZ,LIB,3,1
Gregg County,11/08/2022,General,105,63,17,959,RAILROAD COMMISSIONER,HUNTER WAYNE CROW,GRN,1,1
Gregg County,11/08/2022,General,105,63,17,959,"JUSTICE, SUPREME COURT, PLACE 3",DEBRA LEHRMANN,REP,104,66
Gregg County,11/08/2022,General,105,63,17,959,"JUSTICE, SUPREME COURT, PLACE 3",ERIN A NOWELL,DEM,88,55
Gregg County,11/08/2022,General,105,63,17,959,"JUSTICE, SUPREME COURT, PLACE 3",THOMAS EDWARD OXFORD,LIB,1,1
Gregg County,11/08/2022,General,105,63,17,959,"JUSTICE, SUPREME COURT, PLACE 5",REBECA HUDDLE,REP,100,68
Gregg County,11/08/2022,General,105,63,17,959,"JUSTICE, SUPREME COURT, PLACE 5",AMANDA REICHEK,DEM,91,54
Gregg County,11/08/2022,General,105,63,17,959,"JUSTICE, SUPREME COURT, PLACE 9",EVAN YOUNG,REP,101,67
Gregg County,11/08/2022,General,105,63,17,959,"JUSTICE, SUPREME COURT, PLACE 9",JULIA MALDONADO,DEM,89,55
Gregg County,11/08/2022,General,105,63,17,959,"JUDGE, COURT OF CRIMINAL APPEALS, PLACE 5",SCOTT WALKER,REP,102,68
Gregg County,11/08/2022,General,105,63,17,959,"JUDGE, COURT OF CRIMINAL APPEALS, PLACE 5",DANA HUFFMAN,DEM,89,55
Gregg County,11/08/2022,General,105,63,17,959,"JUDGE, COURT OF CRIMINAL APPEALS, PLACE 6","JESSE F. MCCLURE, III",REP,99,66
Gregg County,11/08/2022,General,105,63,17,959,"JUDGE, COURT OF CRIMINAL APPEALS, PLACE 6",ROBERT JOHNSON,DEM,89,55
Gregg County,11/08/2022,General,105,63,17,959,COUNTY TAX ASSESSOR-COLLECTOR - UNEXPIRED TERM,MICHELLE TERRY,REP,106,68
Gregg County,11/08/2022,General,105,63,17,959,COUNTY TAX ASSESSOR-COLLECTOR - UNEXPIRED TERM,KEETH JOHNSON,DEM,85,54
Gregg County,11/08/2022,General,105,63,17,959,"JUSTICE OF THE PEACE, PRECINCT 4",DARRIN RUDOLPH,REP,101,69
Gregg County,11/08/2022,General,105,63,17,959,"JUSTICE OF THE PEACE, PRECINCT 4",ROBBY COX,DEM,88,54
Gregg County,11/08/2022,General,105,63,18,3327,U.S. REPRESENTATIVE DISTRICT 1,NATHANIEL MORAN,REP,693,251
Gregg County,11/08/2022,General,105,63,18,3327,U.S. REPRESENTATIVE DISTRICT 1,JRMAR (JJ) JEFFERSON,DEM,658,161
Gregg County,11/08/2022,General,105,63,18,3327,GOVERNOR,GREG ABBOTT,REP,699,253
Gregg County,11/08/2022,General,105,63,18,3327,GOVERNOR,BETO O'ROURKE,DEM,648,153
Gregg County,11/08/2022,General,105,63,18,3327,GOVERNOR,MARK TIPPETTS,LIB,8,6
Gregg County,11/08/2022,General,105,63,18,3327,GOVERNOR,DELILAH BARRIOS,GRN,1,2
Gregg County,11/08/2022,General,105,63,18,3327,GOVERNOR,JACQUELINE ABERNATHY,,0,0
Gregg County,11/08/2022,General,105,63,18,3327,GOVERNOR,MARK V. GOLOBY,,0,0
Gregg County,11/08/2022,General,105,63,18,3327,GOVERNOR,Rejected write-ins,,0,0
Gregg County,11/08/2022,General,105,63,18,3327,GOVERNOR,Unassigned write-ins,,0,0
Gregg County,11/08/2022,General,105,63,18,3327,LIEUTENANT GOVERNOR,DAN PATRICK,REP,672,248
Gregg County,11/08/2022,General,105,63,18,3327,LIEUTENANT GOVERNOR,MIKE COLLIER,DEM,654,151
Gregg County,11/08/2022,General,105,63,18,3327,LIEUTENANT GOVERNOR,SHANNA STEELE,LIB,21,13
Gregg County,11/08/2022,General,105,63,18,3327,ATTORNEY GENERAL,KEN PAXTON,REP,667,248
Gregg County,11/08/2022,General,105,63,18,3327,ATTORNEY GENERAL,ROCHELLE MERCEDES GARZA,DEM,662,152
Gregg County,11/08/2022,General,105,63,18,3327,ATTORNEY GENERAL,MARK ASH,LIB,19,10
Gregg County,11/08/2022,General,105,63,18,3327,COMPTROLLER OF PUBLIC ACCOUNTS,GLENN HEGAR,REP,684,250
Gregg County,11/08/2022,General,105,63,18,3327,COMPTROLLER OF PUBLIC ACCOUNTS,JANET T. DUDDING,DEM,638,149
Gregg County,11/08/2022,General,105,63,18,3327,COMPTROLLER OF PUBLIC ACCOUNTS,V. ALONZO ECHEVARRIA-GARZA,LIB,19,8
Gregg County,11/08/2022,General,105,63,18,3327,COMMISSIONER OF THE GENERAL LAND OFFICE,DAWN BUCKINGHAM,REP,674,246
Gregg County,11/08/2022,General,105,63,18,3327,COMMISSIONER OF THE GENERAL LAND OFFICE,JAY KLEBERG,DEM,652,151
Gregg County,11/08/2022,General,105,63,18,3327,COMMISSIONER OF THE GENERAL LAND OFFICE,"ALFRED MOLISON, JR",LIB,14,11
Gregg County,11/08/2022,General,105,63,18,3327,COMMISSIONER OF THE GENERAL LAND OFFICE,CARRIE EVELYN MENGER,,0,0
Gregg County,11/08/2022,General,105,63,18,3327,COMMISSIONER OF THE GENERAL LAND OFFICE,Rejected write-ins,,0,0
Gregg County,11/08/2022,General,105,63,18,3327,COMMISSIONER OF THE GENERAL LAND OFFICE,Unassigned write-ins,,0,0
Gregg County,11/08/2022,General,105,63,18,3327,COMMISSIONER OF AGRICULTURE,SID MILLER,REP,679,255
Gregg County,11/08/2022,General,105,63,18,3327,COMMISSIONER OF AGRICULTURE,SUSAN HAYS,DEM,665,152
Gregg County,11/08/2022,General,105,63,18,3327,RAILROAD COMMISSIONER,WAYNE CHRISTIAN,REP,669,250
Gregg County,11/08/2022,General,105,63,18,3327,RAILROAD COMMISSIONER,LUKE WARFORD,DEM,640,146
Gregg County,11/08/2022,General,105,63,18,3327,RAILROAD COMMISSIONER,JAIME ANDRES DIEZ,LIB,16,11
Gregg County,11/08/2022,General,105,63,18,3327,RAILROAD COMMISSIONER,HUNTER WAYNE CROW,GRN,7,2
Gregg County,11/08/2022,General,105,63,18,3327,"JUSTICE, SUPREME COURT, PLACE 3",DEBRA LEHRMANN,REP,686,247
Gregg County,11/08/2022,General,105,63,18,3327,"JUSTICE, SUPREME COURT, PLACE 3",ERIN A NOWELL,DEM,639,152
Gregg County,11/08/2022,General,105,63,18,3327,"JUSTICE, SUPREME COURT, PLACE 3",THOMAS EDWARD OXFORD,LIB,13,11
Gregg County,11/08/2022,General,105,63,18,3327,"JUSTICE, SUPREME COURT, PLACE 5",REBECA HUDDLE,REP,695,254
Gregg County,11/08/2022,General,105,63,18,3327,"JUSTICE, SUPREME COURT, PLACE 5",AMANDA REICHEK,DEM,648,154
Gregg County,11/08/2022,General,105,63,18,3327,"JUSTICE, SUPREME COURT, PLACE 9",EVAN YOUNG,REP,691,253
Gregg County,11/08/2022,General,105,63,18,3327,"JUSTICE, SUPREME COURT, PLACE 9",JULIA MALDONADO,DEM,650,157
Gregg County,11/08/2022,General,105,63,18,3327,"JUDGE, COURT OF CRIMINAL APPEALS, PLACE 5",SCOTT WALKER,REP,692,252
Gregg County,11/08/2022,General,105,63,18,3327,"JUDGE, COURT OF CRIMINAL APPEALS, PLACE 5",DANA HUFFMAN,DEM,650,155
Gregg County,11/08/2022,General,105,63,18,3327,"JUDGE, COURT OF CRIMINAL APPEALS, PLACE 6","JESSE F. MCCLURE, III",REP,686,250
Gregg County,11/08/2022,General,105,63,18,3327,"JUDGE, COURT OF CRIMINAL APPEALS, PLACE 6",ROBERT JOHNSON,DEM,658,156
Gregg County,11/08/2022,General,105,63,18,3327,COUNTY TAX ASSESSOR-COLLECTOR - UNEXPIRED TERM,MICHELLE TERRY,REP,718,258
Gregg County,11/08/2022,General,105,63,18,3327,COUNTY TAX ASSESSOR-COLLECTOR - UNEXPIRED TERM,KEETH JOHNSON,DEM,618,148
Gregg County,11/08/2022,General,105,63,18,3327,"JUSTICE OF THE PEACE, PRECINCT 4",DARRIN RUDOLPH,REP,708,253
Gregg County,11/08/2022,General,105,63,18,3327,"JUSTICE OF THE PEACE, PRECINCT 4",ROBBY COX,DEM,624,153
Gregg County,11/08/2022,General,105,63,19,3491,U.S. REPRESENTATIVE DISTRICT 1,NATHANIEL MORAN,REP,86,61
Gregg County,11/08/2022,General,105,63,19,3491,U.S. REPRESENTATIVE DISTRICT 1,JRMAR (JJ) JEFFERSON,DEM,643,268
Gregg County,11/08/2022,General,105,63,19,3491,GOVERNOR,GREG ABBOTT,REP,93,70
Gregg County,11/08/2022,General,105,63,19,3491,GOVERNOR,BETO O'ROURKE,DEM,633,254
Gregg County,11/08/2022,General,105,63,19,3491,GOVERNOR,MARK TIPPETTS,LIB,4,3
Gregg County,11/08/2022,General,105,63,19,3491,GOVERNOR,DELILAH BARRIOS,GRN,3,2
Gregg County,11/08/2022,General,105,63,19,3491,GOVERNOR,JACQUELINE ABERNATHY,,0,2
Gregg County,11/08/2022,General,105,63,19,3491,GOVERNOR,MARK V. GOLOBY,,0,0
Gregg County,11/08/2022,General,105,63,19,3491,GOVERNOR,Rejected write-ins,,0,1
Gregg County,11/08/2022,General,105,63,19,3491,GOVERNOR,Unassigned write-ins,,0,0
Gregg County,11/08/2022,General,105,63,19,3491,LIEUTENANT GOVERNOR,DAN PATRICK,REP,87,66
Gregg County,11/08/2022,General,105,63,19,3491,LIEUTENANT GOVERNOR,MIKE COLLIER,DEM,618,246
Gregg County,11/08/2022,General,105,63,19,3491,LIEUTENANT GOVERNOR,SHANNA STEELE,LIB,22,14
Gregg County,11/08/2022,General,105,63,19,3491,ATTORNEY GENERAL,KEN PAXTON,REP,90,65
Gregg County,11/08/2022,General,105,63,19,3491,ATTORNEY GENERAL,ROCHELLE MERCEDES GARZA,DEM,616,248
Gregg County,11/08/2022,General,105,63,19,3491,ATTORNEY GENERAL,MARK ASH,LIB,13,12
Gregg County,11/08/2022,General,105,63,19,3491,COMPTROLLER OF PUBLIC ACCOUNTS,GLENN HEGAR,REP,82,71
Gregg County,11/08/2022,General,105,63,19,3491,COMPTROLLER OF PUBLIC ACCOUNTS,JANET T. DUDDING,DEM,634,244
Gregg County,11/08/2022,General,105,63,19,3491,COMPTROLLER OF PUBLIC ACCOUNTS,V. ALONZO ECHEVARRIA-GARZA,LIB,8,12
Gregg County,11/08/2022,General,105,63,19,3491,COMMISSIONER OF THE GENERAL LAND OFFICE,DAWN BUCKINGHAM,REP,84,63
Gregg County,11/08/2022,General,105,63,19,3491,COMMISSIONER OF THE GENERAL LAND OFFICE,JAY KLEBERG,DEM,628,252
Gregg County,11/08/2022,General,105,63,19,3491,COMMISSIONER OF THE GENERAL LAND OFFICE,"ALFRED MOLISON, JR",LIB,10,8
Gregg County,11/08/2022,General,105,63,19,3491,COMMISSIONER OF THE GENERAL LAND OFFICE,CARRIE EVELYN MENGER,,0,2
Gregg County,11/08/2022,General,105,63,19,3491,COMMISSIONER OF THE GENERAL LAND OFFICE,Rejected write-ins,,0,0
Gregg County,11/08/2022,General,105,63,19,3491,COMMISSIONER OF THE GENERAL LAND OFFICE,Unassigned write-ins,,0,0
Gregg County,11/08/2022,General,105,63,19,3491,COMMISSIONER OF AGRICULTURE,SID MILLER,REP,89,67
Gregg County,11/08/2022,General,105,63,19,3491,COMMISSIONER OF AGRICULTURE,SUSAN HAYS,DEM,636,259
Gregg County,11/08/2022,General,105,63,19,3491,RAILROAD COMMISSIONER,WAYNE CHRISTIAN,REP,83,64
Gregg County,11/08/2022,General,105,63,19,3491,RAILROAD COMMISSIONER,LUKE WARFORD,DEM,621,243
Gregg County,11/08/2022,General,105,63,19,3491,RAILROAD COMMISSIONER,JAIME ANDRES DIEZ,LIB,11,13
Gregg County,11/08/2022,General,105,63,19,3491,RAILROAD COMMISSIONER,HUNTER WAYNE CROW,GRN,6,7
Gregg County,11/08/2022,General,105,63,19,3491,"JUSTICE, SUPREME COURT, PLACE 3",DEBRA LEHRMANN,REP,88,68
Gregg County,11/08/2022,General,105,63,19,3491,"JUSTICE, SUPREME COURT, PLACE 3",ERIN A NOWELL,DEM,627,249
Gregg County,11/08/2022,General,105,63,19,3491,"JUSTICE, SUPREME COURT, PLACE 3",THOMAS EDWARD OXFORD,LIB,6,10
Gregg County,11/08/2022,General,105,63,19,3491,"JUSTICE, SUPREME COURT, PLACE 5",REBECA HUDDLE,REP,92,71
Gregg County,11/08/2022,General,105,63,19,3491,"JUSTICE, SUPREME COURT, PLACE 5",AMANDA REICHEK,DEM,627,251
Gregg County,11/08/2022,General,105,63,19,3491,"JUSTICE, SUPREME COURT, PLACE 9",EVAN YOUNG,REP,91,69
Gregg County,11/08/2022,General,105,63,19,3491,"JUSTICE, SUPREME COURT, PLACE 9",JULIA MALDONADO,DEM,626,257
Gregg County,11/08/2022,General,105,63,19,3491,"JUDGE, COURT OF CRIMINAL APPEALS, PLACE 5",SCOTT WALKER,REP,91,70
Gregg County,11/08/2022,General,105,63,19,3491,"JUDGE, COURT OF CRIMINAL APPEALS, PLACE 5",DANA HUFFMAN,DEM,633,258
Gregg County,11/08/2022,General,105,63,19,3491,"JUDGE, COURT OF CRIMINAL APPEALS, PLACE 6","JESSE F. MCCLURE, III",REP,88,68
Gregg County,11/08/2022,General,105,63,19,3491,"JUDGE, COURT OF CRIMINAL APPEALS, PLACE 6",ROBERT JOHNSON,DEM,630,260
Gregg County,11/08/2022,General,105,63,19,3491,COUNTY TAX ASSESSOR-COLLECTOR - UNEXPIRED TERM,MICHELLE TERRY,REP,108,77
Gregg County,11/08/2022,General,105,63,19,3491,COUNTY TAX ASSESSOR-COLLECTOR - UNEXPIRED TERM,KEETH JOHNSON,DEM,609,247
Gregg County,11/08/2022,General,105,63,19,3491,"JUSTICE OF THE PEACE, PRECINCT 4",DARRIN RUDOLPH,REP,131,74
Gregg County,11/08/2022,General,105,63,19,3491,"JUSTICE OF THE PEACE, PRECINCT 4",ROBBY COX,DEM,578,254
Gregg County,11/08/2022,General,105,63,20,3300,U.S. REPRESENTATIVE DISTRICT 1,NATHANIEL MORAN,REP,170,80
Gregg County,11/08/2022,General,105,63,20,3300,U.S. REPRESENTATIVE DISTRICT 1,JRMAR (JJ) JEFFERSON,DEM,430,169
Gregg County,11/08/2022,General,105,63,20,3300,GOVERNOR,GREG ABBOTT,REP,181,87
Gregg County,11/08/2022,General,105,63,20,3300,GOVERNOR,BETO O'ROURKE,DEM,420,163
Gregg County,11/08/2022,General,105,63,20,3300,GOVERNOR,MARK TIPPETTS,LIB,1,1
Gregg County,11/08/2022,General,105,63,20,3300,GOVERNOR,DELILAH BARRIOS,GRN,0,0
Gregg County,11/08/2022,General,105,63,20,3300,GOVERNOR,JACQUELINE ABERNATHY,,0,0
Gregg County,11/08/2022,General,105,63,20,3300,GOVERNOR,MARK V. GOLOBY,,0,0
Gregg County,11/08/2022,General,105,63,20,3300,GOVERNOR,Rejected write-ins,,0,0
Gregg County,11/08/2022,General,105,63,20,3300,GOVERNOR,Unassigned write-ins,,0,0
Gregg County,11/08/2022,General,105,63,20,3300,LIEUTENANT GOVERNOR,DAN PATRICK,REP,170,85
Gregg County,11/08/2022,General,105,63,20,3300,LIEUTENANT GOVERNOR,MIKE COLLIER,DEM,424,157
Gregg County,11/08/2022,General,105,63,20,3300,LIEUTENANT GOVERNOR,SHANNA STEELE,LIB,7,7
Gregg County,11/08/2022,General,105,63,20,3300,ATTORNEY GENERAL,KEN PAXTON,REP,171,88
Gregg County,11/08/2022,General,105,63,20,3300,ATTORNEY GENERAL,ROCHELLE MERCEDES GARZA,DEM,420,161
Gregg County,11/08/2022,General,105,63,20,3300,ATTORNEY GENERAL,MARK ASH,LIB,8,2
Gregg County,11/08/2022,General,105,63,20,3300,COMPTROLLER OF PUBLIC ACCOUNTS,GLENN HEGAR,REP,173,85
Gregg County,11/08/2022,General,105,63,20,3300,COMPTROLLER OF PUBLIC ACCOUNTS,JANET T. DUDDING,DEM,418,159
Gregg County,11/08/2022,General,105,63,20,3300,COMPTROLLER OF PUBLIC ACCOUNTS,V. ALONZO ECHEVARRIA-GARZA,LIB,7,4
Gregg County,11/08/2022,General,105,63,20,3300,COMMISSIONER OF THE GENERAL LAND OFFICE,DAWN BUCKINGHAM,REP,165,78
Gregg County,11/08/2022,General,105,63,20,3300,COMMISSIONER OF THE GENERAL LAND OFFICE,JAY KLEBERG,DEM,426,164
Gregg County,11/08/2022,General,105,63,20,3300,COMMISSIONER OF THE GENERAL LAND OFFICE,"ALFRED MOLISON, JR",LIB,6,6
Gregg County,11/08/2022,General,105,63,20,3300,COMMISSIONER OF THE GENERAL LAND OFFICE,CARRIE EVELYN MENGER,,0,0
Gregg County,11/08/2022,General,105,63,20,3300,COMMISSIONER OF THE GENERAL LAND OFFICE,Rejected write-ins,,0,0
Gregg County,11/08/2022,General,105,63,20,3300,COMMISSIONER OF THE GENERAL LAND OFFICE,Unassigned write-ins,,0,0
Gregg County,11/08/2022,General,105,63,20,3300,COMMISSIONER OF AGRICULTURE,SID MILLER,REP,174,82
Gregg County,11/08/2022,General,105,63,20,3300,COMMISSIONER OF AGRICULTURE,SUSAN HAYS,DEM,424,167
Gregg County,11/08/2022,General,105,63,20,3300,RAILROAD COMMISSIONER,WAYNE CHRISTIAN,REP,175,85
Gregg County,11/08/2022,General,105,63,20,3300,RAILROAD COMMISSIONER,LUKE WARFORD,DEM,416,153
Gregg County,11/08/2022,General,105,63,20,3300,RAILROAD COMMISSIONER,JAIME ANDRES DIEZ,LIB,5,8
Gregg County,11/08/2022,General,105,63,20,3300,RAILROAD COMMISSIONER,HUNTER WAYNE CROW,GRN,3,3
Gregg County,11/08/2022,General,105,63,20,3300,"JUSTICE, SUPREME COURT, PLACE 3",DEBRA LEHRMANN,REP,173,83
Gregg County,11/08/2022,General,105,63,20,3300,"JUSTICE, SUPREME COURT, PLACE 3",ERIN A NOWELL,DEM,420,166
Gregg County,11/08/2022,General,105,63,20,3300,"JUSTICE, SUPREME COURT, PLACE 3",THOMAS EDWARD OXFORD,LIB,5,1
Gregg County,11/08/2022,General,105,63,20,3300,"JUSTICE, SUPREME COURT, PLACE 5",REBECA HUDDLE,REP,174,82
Gregg County,11/08/2022,General,105,63,20,3300,"JUSTICE, SUPREME COURT, PLACE 5",AMANDA REICHEK,DEM,424,167
Gregg County,11/08/2022,General,105,63,20,3300,"JUSTICE, SUPREME COURT, PLACE 9",EVAN YOUNG,REP,174,82
Gregg County,11/08/2022,General,105,63,20,3300,"JUSTICE, SUPREME COURT, PLACE 9",JULIA MALDONADO,DEM,424,163
Gregg County,11/08/2022,General,105,63,20,3300,"JUDGE, COURT OF CRIMINAL APPEALS, PLACE 5",SCOTT WALKER,REP,178,85
Gregg County,11/08/2022,General,105,63,20,3300,"JUDGE, COURT OF CRIMINAL APPEALS, PLACE 5",DANA HUFFMAN,DEM,421,163
Gregg County,11/08/2022,General,105,63,20,3300,"JUDGE, COURT OF CRIMINAL APPEALS, PLACE 6","JESSE F. MCCLURE, III",REP,174,80
Gregg County,11/08/2022,General,105,63,20,3300,"JUDGE, COURT OF CRIMINAL APPEALS, PLACE 6",ROBERT JOHNSON,DEM,423,166
Gregg County,11/08/2022,General,105,63,20,3300,COUNTY TAX ASSESSOR-COLLECTOR - UNEXPIRED TERM,MICHELLE TERRY,REP,185,86
Gregg County,11/08/2022,General,105,63,20,3300,COUNTY TAX ASSESSOR-COLLECTOR - UNEXPIRED TERM,KEETH JOHNSON,DEM,404,160
Gregg County,11/08/2022,General,105,63,20,3300,"JUSTICE OF THE PEACE, PRECINCT 4",DARRIN RUDOLPH,REP,199,97
Gregg County,11/08/2022,General,105,63,20,3300,"JUSTICE OF THE PEACE, PRECINCT 4",ROBBY COX,DEM,391,151
Gregg County,11/08/2022,General,105,63,21,4657,U.S. REPRESENTATIVE DISTRICT 1,NATHANIEL MORAN,REP,619,223
Gregg County,11/08/2022,General,105,63,21,4657,U.S. REPRESENTATIVE DISTRICT 1,JRMAR (JJ) JEFFERSON,DEM,471,246
Gregg County,11/08/2022,General,105,63,21,4657,GOVERNOR,GREG ABBOTT,REP,619,227
Gregg County,11/08/2022,General,105,63,21,4657,GOVERNOR,BETO O'ROURKE,DEM,462,240
Gregg County,11/08/2022,General,105,63,21,4657,GOVERNOR,MARK TIPPETTS,LIB,4,6
Gregg County,11/08/2022,General,105,63,21,4657,GOVERNOR,DELILAH BARRIOS,GRN,5,4
Gregg County,11/08/2022,General,105,63,21,4657,GOVERNOR,JACQUELINE ABERNATHY,,0,0
Gregg County,11/08/2022,General,105,63,21,4657,GOVERNOR,MARK V. GOLOBY,,0,0
Gregg County,11/08/2022,General,105,63,21,4657,GOVERNOR,Rejected write-ins,,1,0
Gregg County,11/08/2022,General,105,63,21,4657,GOVERNOR,Unassigned write-ins,,0,0
Gregg County,11/08/2022,General,105,63,21,4657,LIEUTENANT GOVERNOR,DAN PATRICK,REP,609,218
Gregg County,11/08/2022,General,105,63,21,4657,LIEUTENANT GOVERNOR,MIKE COLLIER,DEM,458,236
Gregg County,11/08/2022,General,105,63,21,4657,LIEUTENANT GOVERNOR,SHANNA STEELE,LIB,23,18
Gregg County,11/08/2022,General,105,63,21,4657,ATTORNEY GENERAL,KEN PAXTON,REP,600,224
Gregg County,11/08/2022,General,105,63,21,4657,ATTORNEY GENERAL,ROCHELLE MERCEDES GARZA,DEM,461,231
Gregg County,11/08/2022,General,105,63,21,4657,ATTORNEY GENERAL,MARK ASH,LIB,22,13
Gregg County,11/08/2022,General,105,63,21,4657,COMPTROLLER OF PUBLIC ACCOUNTS,GLENN HEGAR,REP,616,219
Gregg County,11/08/2022,General,105,63,21,4657,COMPTROLLER OF PUBLIC ACCOUNTS,JANET T. DUDDING,DEM,451,236
Gregg County,11/08/2022,General,105,63,21,4657,COMPTROLLER OF PUBLIC ACCOUNTS,V. ALONZO ECHEVARRIA-GARZA,LIB,17,13
Gregg County,11/08/2022,General,105,63,21,4657,COMMISSIONER OF THE GENERAL LAND OFFICE,DAWN BUCKINGHAM,REP,599,219
Gregg County,11/08/2022,General,105,63,21,4657,COMMISSIONER OF THE GENERAL LAND OFFICE,JAY KLEBERG,DEM,470,238
Gregg County,11/08/2022,General,105,63,21,4657,COMMISSIONER OF THE GENERAL LAND OFFICE,"ALFRED MOLISON, JR",LIB,14,12
Gregg County,11/08/2022,General,105,63,21,4657,COMMISSIONER OF THE GENERAL LAND OFFICE,CARRIE EVELYN MENGER,,1,0
Gregg County,11/08/2022,General,105,63,21,4657,COMMISSIONER OF THE GENERAL LAND OFFICE,Rejected write-ins,,1,0
Gregg County,11/08/2022,General,105,63,21,4657,COMMISSIONER OF THE GENERAL LAND OFFICE,Unassigned write-ins,,0,0
Gregg County,11/08/2022,General,105,63,21,4657,COMMISSIONER OF AGRICULTURE,SID MILLER,REP,609,233
Gregg County,11/08/2022,General,105,63,21,4657,COMMISSIONER OF AGRICULTURE,SUSAN HAYS,DEM,471,236
Gregg County,11/08/2022,General,105,63,21,4657,RAILROAD COMMISSIONER,WAYNE CHRISTIAN,REP,613,216
Gregg County,11/08/2022,General,105,63,21,4657,RAILROAD COMMISSIONER,LUKE WARFORD,DEM,450,226
Gregg County,11/08/2022,General,105,63,21,4657,RAILROAD COMMISSIONER,JAIME ANDRES DIEZ,LIB,14,15
Gregg County,11/08/2022,General,105,63,21,4657,RAILROAD COMMISSIONER,HUNTER WAYNE CROW,GRN,9,7
Gregg County,11/08/2022,General,105,63,21,4657,"JUSTICE, SUPREME COURT, PLACE 3",DEBRA LEHRMANN,REP,610,217
Gregg County,11/08/2022,General,105,63,21,4657,"JUSTICE, SUPREME COURT, PLACE 3",ERIN A NOWELL,DEM,457,236
Gregg County,11/08/2022,General,105,63,21,4657,"JUSTICE, SUPREME COURT, PLACE 3",THOMAS EDWARD OXFORD,LIB,18,11
Gregg County,11/08/2022,General,105,63,21,4657,"JUSTICE, SUPREME COURT, PLACE 5",REBECA HUDDLE,REP,612,218
Gregg County,11/08/2022,General,105,63,21,4657,"JUSTICE, SUPREME COURT, PLACE 5",AMANDA REICHEK,DEM,473,246
Gregg County,11/08/2022,General,105,63,21,4657,"JUSTICE, SUPREME COURT, PLACE 9",EVAN YOUNG,REP,607,216
Gregg County,11/08/2022,General,105,63,21,4657,"JUSTICE, SUPREME COURT, PLACE 9",JULIA MALDONADO,DEM,477,246
Gregg County,11/08/2022,General,105,63,21,4657,"JUDGE, COURT OF CRIMINAL APPEALS, PLACE 5",SCOTT WALKER,REP,610,222
Gregg County,11/08/2022,General,105,63,21,4657,"JUDGE, COURT OF CRIMINAL APPEALS, PLACE 5",DANA HUFFMAN,DEM,473,243
Gregg County,11/08/2022,General,105,63,21,4657,"JUDGE, COURT OF CRIMINAL APPEALS, PLACE 6","JESSE F. MCCLURE, III",REP,606,215
Gregg County,11/08/2022,General,105,63,21,4657,"JUDGE, COURT OF CRIMINAL APPEALS, PLACE 6",ROBERT JOHNSON,DEM,474,249
Gregg County,11/08/2022,General,105,63,21,4657,COUNTY TAX ASSESSOR-COLLECTOR - UNEXPIRED TERM,MICHELLE TERRY,REP,628,223
Gregg County,11/08/2022,General,105,63,21,4657,COUNTY TAX ASSESSOR-COLLECTOR - UNEXPIRED TERM,KEETH JOHNSON,DEM,455,240
Gregg County,11/08/2022,General,105,63,21,4657,"JUSTICE OF THE PEACE, PRECINCT 4",DARRIN RUDOLPH,REP,624,228
Gregg County,11/08/2022,General,105,63,21,4657,"JUSTICE OF THE PEACE, PRECINCT 4",ROBBY COX,DEM,460,240
